58;3;0;0;0;2143;1;0;1;5;5;261;1;-1;0;1;0
44;10;2;2;0;29;1;0;1;5;5;151;1;-1;0;1;0
33;5;0;2;0;2;1;1;1;5;5;76;1;-1;0;1;0
47;7;0;1;0;1506;1;0;1;5;5;92;1;-1;0;1;0
33;1;2;1;0;1;0;0;1;5;5;198;1;-1;0;1;0
35;3;0;0;0;231;1;0;1;5;5;139;1;-1;0;1;0
28;3;2;0;0;447;1;1;1;5;5;217;1;-1;0;1;0
58;9;0;3;0;121;1;0;1;5;5;50;1;-1;0;1;0
41;0;1;2;0;270;1;0;1;5;5;222;1;-1;0;1;0
29;0;2;2;0;390;1;0;1;5;5;137;1;-1;0;1;0
53;10;0;2;0;6;1;0;1;5;5;517;1;-1;0;1;0
58;10;0;1;0;71;1;0;1;5;5;71;1;-1;0;1;0
51;9;0;3;0;229;1;0;1;5;5;353;1;-1;0;1;0
45;0;2;1;0;13;1;0;1;5;5;98;1;-1;0;1;0
57;7;0;3;0;52;1;0;1;5;5;38;1;-1;0;1;0
60;9;0;3;0;60;1;0;1;5;5;219;1;-1;0;1;0
33;11;0;2;0;0;1;0;1;5;5;54;1;-1;0;1;0
28;7;0;2;0;723;1;1;1;5;5;262;1;-1;0;1;0
56;3;0;0;0;779;1;0;1;5;5;164;1;-1;0;1;0
32;7;2;3;0;23;1;1;1;5;5;160;1;-1;0;1;0
25;11;0;2;0;50;1;0;1;5;5;342;1;-1;0;1;0
40;9;0;3;0;0;1;1;1;5;5;181;1;-1;0;1;0
44;0;0;2;0;-372;1;0;1;5;5;172;1;-1;0;1;0
39;3;2;0;0;255;1;0;1;5;5;296;1;-1;0;1;0
52;5;0;2;0;113;1;1;1;5;5;127;1;-1;0;1;0
46;3;2;2;0;-246;1;0;1;5;5;255;2;-1;0;1;0
36;10;2;2;0;265;1;1;1;5;5;348;1;-1;0;1;0
49;3;0;0;0;378;1;0;1;5;5;230;1;-1;0;1;0
60;0;0;2;0;39;1;1;1;5;5;208;1;-1;0;1;0
51;3;0;0;0;10635;1;0;1;5;5;336;1;-1;0;1;0
25;7;0;2;0;-7;1;0;1;5;5;365;1;-1;0;1;0
53;10;0;2;0;-3;0;0;1;5;5;1666;1;-1;0;1;0
36;0;1;2;0;506;1;0;1;5;5;577;1;-1;0;1;0
37;0;2;2;0;0;1;0;1;5;5;137;1;-1;0;1;0
44;11;1;2;0;2586;1;0;1;5;5;160;1;-1;0;1;0
50;3;0;2;0;49;1;0;1;5;5;180;2;-1;0;1;0
54;9;0;2;0;529;1;0;1;5;5;1492;1;-1;0;1;0
58;9;0;1;0;96;1;0;1;5;5;616;1;-1;0;1;0
36;0;2;3;0;-171;1;0;1;5;5;242;1;-1;0;1;0
58;8;0;0;0;-364;1;0;1;5;5;355;1;-1;0;1;0
44;10;0;2;0;0;1;0;1;5;5;225;2;-1;0;1;0
55;10;1;2;0;0;0;0;1;5;5;160;1;-1;0;1;0
29;3;2;0;0;0;1;0;1;5;5;363;1;-1;0;1;0
48;3;1;0;0;-244;1;0;1;5;5;253;1;-1;0;1;0
32;3;0;0;0;0;1;0;1;5;5;179;1;-1;0;1;0
42;0;2;2;0;-76;1;0;1;5;5;787;1;-1;0;1;0
24;10;2;2;0;-103;1;1;1;5;5;145;1;-1;0;1;0
38;5;2;0;0;243;0;1;1;5;5;174;1;-1;0;1;0
38;3;2;0;0;424;1;0;1;5;5;104;1;-1;0;1;0
47;7;0;1;0;306;1;0;1;5;5;13;1;-1;0;1;0
40;7;2;1;0;24;1;0;1;5;5;185;1;-1;0;1;0
46;11;0;3;0;179;1;0;1;5;5;1778;1;-1;0;1;0
53;10;1;2;0;989;1;0;1;5;5;812;1;-1;0;1;0
57;7;0;3;0;249;1;0;1;5;5;164;1;-1;0;1;0
33;11;0;2;0;790;1;0;1;5;5;391;1;-1;0;1;0
49;7;0;1;0;154;1;0;1;5;5;357;1;-1;0;1;0
51;3;0;0;0;6530;1;0;1;5;5;91;1;-1;0;1;0
60;9;0;0;0;100;0;0;1;5;5;528;1;-1;0;1;0
59;3;1;0;0;59;1;0;1;5;5;273;1;-1;0;1;0
55;10;0;2;0;1205;1;0;1;5;5;158;2;-1;0;1;0
35;7;2;2;0;12223;1;1;1;5;5;177;1;-1;0;1;0
57;7;0;2;0;5935;1;1;1;5;5;258;1;-1;0;1;0
31;11;0;2;0;25;1;1;1;5;5;172;1;-1;0;1;0
54;3;0;2;0;282;1;1;1;5;5;154;1;-1;0;1;0
55;7;0;3;0;23;1;0;1;5;5;291;1;-1;0;1;0
43;10;0;2;0;1937;1;0;1;5;5;181;1;-1;0;1;0
53;10;0;2;0;384;1;0;1;5;5;176;1;-1;0;1;0
44;7;0;2;0;582;0;1;1;5;5;211;1;-1;0;1;0
55;11;1;2;0;91;0;0;1;5;5;349;1;-1;0;1;0
49;11;1;2;0;0;1;1;1;5;5;272;1;-1;0;1;0
55;11;1;2;1;1;1;0;1;5;5;208;1;-1;0;1;0
45;0;2;2;0;206;1;0;1;5;5;193;1;-1;0;1;0
42;10;2;2;0;690;1;0;1;5;5;20;1;-1;0;1;0
59;0;0;2;0;2343;1;0;1;5;5;1042;1;-1;0;1;1
51;7;0;3;0;173;1;0;1;5;5;529;2;-1;0;1;0
41;10;0;2;0;1270;1;0;1;5;5;1389;1;-1;0;1;1
46;3;1;2;0;16;1;1;1;5;5;188;2;-1;0;1;0
57;9;0;2;0;486;1;0;1;5;5;180;2;-1;0;1;0
42;3;2;2;0;50;0;0;1;5;5;48;1;-1;0;1;0
30;10;0;2;0;152;1;1;1;5;5;213;2;-1;0;1;0
60;0;0;2;0;290;1;0;1;5;5;583;1;-1;0;1;0
60;7;0;1;0;54;1;0;1;5;5;221;1;-1;0;1;0
57;5;1;2;0;-37;0;0;1;5;5;173;1;-1;0;1;0
36;3;0;0;0;101;1;1;1;5;5;426;1;-1;0;1;0
60;9;0;0;0;81;1;0;1;5;5;101;1;-1;0;1;0
39;10;0;2;0;0;1;0;1;5;5;203;1;-1;0;1;0
46;3;0;0;0;229;1;0;1;5;5;197;1;-1;0;1;0
53;7;0;3;0;90;0;0;1;5;5;124;1;-1;0;1;0
52;7;0;3;0;128;1;0;1;5;5;229;1;-1;0;1;0
27;10;2;0;0;0;1;0;1;5;5;400;1;-1;0;1;0
44;7;0;2;0;54;1;0;1;5;5;197;1;-1;0;1;0
47;10;0;0;0;151;1;0;1;5;5;190;1;-1;0;1;0
59;9;2;2;0;30;1;0;1;5;5;514;1;-1;0;1;0
45;3;0;0;0;523;1;0;1;5;5;849;2;-1;0;1;0
29;11;1;2;0;31;1;0;1;5;5;194;1;-1;0;1;0
46;10;1;2;0;79;0;0;1;5;5;144;1;-1;0;1;0
56;8;0;3;0;-34;1;1;1;5;5;212;2;-1;0;1;0
36;7;0;3;0;448;1;0;1;5;5;286;1;-1;0;1;0
59;9;1;3;0;81;1;0;1;5;5;107;1;-1;0;1;0
44;7;0;2;0;144;1;0;1;5;5;247;2;-1;0;1;0
41;0;0;2;0;351;1;0;1;5;5;518;1;-1;0;1;0
59;3;1;0;0;262;0;0;1;5;5;178;1;-1;0;1;0
57;10;0;3;0;0;0;0;1;5;5;98;1;-1;0;1;0
56;10;1;1;0;56;1;0;1;5;5;439;1;-1;0;1;0
51;7;0;2;0;26;1;0;1;5;5;79;1;-1;0;1;0
34;0;0;1;0;3;1;0;1;5;5;120;3;-1;0;1;0
43;11;0;2;0;41;1;1;1;5;5;127;2;-1;0;1;0
52;10;0;0;0;7;0;1;1;5;5;175;1;-1;0;1;0
33;10;2;2;0;105;1;0;1;5;5;262;2;-1;0;1;0
29;0;2;2;0;818;1;1;1;5;5;61;1;-1;0;1;0
34;11;0;2;0;-16;1;1;1;5;5;78;1;-1;0;1;0
55;11;0;2;0;2476;1;0;1;5;5;579;1;-1;0;1;1
55;3;0;1;0;1185;0;0;1;5;5;677;1;-1;0;1;0
32;0;2;2;0;217;1;0;1;5;5;345;1;-1;0;1;0
38;10;2;2;0;1685;1;0;1;5;5;185;1;-1;0;1;0
55;0;2;2;0;802;1;1;1;5;5;100;2;-1;0;1;0
28;2;2;0;0;0;1;0;1;5;5;125;2;-1;0;1;0
23;7;0;2;0;94;1;0;1;5;5;193;1;-1;0;1;0
32;10;2;2;0;0;1;0;1;5;5;136;1;-1;0;1;0
43;11;2;1;0;0;0;0;1;5;5;73;1;-1;0;1;0
46;7;0;2;0;265;1;0;1;5;5;541;1;-1;0;1;0
53;4;1;3;0;947;1;0;1;5;5;163;1;-1;0;1;0
34;8;2;2;0;3;1;0;1;5;5;301;1;-1;0;1;0
57;2;0;0;0;42;0;0;1;5;5;46;1;-1;0;1;0
37;7;0;2;0;37;1;0;1;5;5;204;1;-1;0;1;0
59;7;0;2;0;57;1;0;1;5;5;98;1;-1;0;1;0
33;11;0;2;0;22;1;0;1;5;5;71;1;-1;0;1;0
56;7;1;3;0;8;1;0;1;5;5;157;2;-1;0;1;0
48;2;0;2;0;293;1;0;1;5;5;243;1;-1;0;1;0
43;11;0;3;0;3;1;0;1;5;5;186;2;-1;0;1;0
54;7;0;3;0;348;1;0;1;5;5;579;2;-1;0;1;0
51;7;0;1;0;-19;1;0;1;5;5;163;2;-1;0;1;0
26;6;2;2;0;0;1;0;1;5;5;610;2;-1;0;1;0
40;3;0;0;0;-4;1;0;1;5;5;2033;1;-1;0;1;0
39;3;0;2;0;18;1;0;1;5;5;85;1;-1;0;1;0
50;10;0;3;0;139;0;0;1;5;5;114;2;-1;0;1;0
41;11;0;2;0;0;1;0;1;5;5;114;2;-1;0;1;0
60;9;1;2;0;216;1;0;1;5;5;238;1;-1;0;1;0
52;7;0;2;0;782;1;0;1;5;5;93;3;-1;0;1;0
48;7;0;2;0;904;1;0;1;5;5;128;2;-1;0;1;0
48;11;0;1;0;1705;1;0;1;5;5;107;1;-1;0;1;0
39;10;2;0;0;47;1;0;1;5;5;181;1;-1;0;1;0
47;11;2;2;0;176;1;0;1;5;5;303;2;-1;0;1;0
40;7;0;2;0;1225;1;0;1;5;5;558;5;-1;0;1;0
45;10;0;2;0;86;1;0;1;5;5;270;1;-1;0;1;0
26;0;2;2;0;82;1;0;1;5;5;228;1;-1;0;1;0
52;3;0;0;0;271;1;0;1;5;5;99;1;-1;0;1;0
54;10;0;2;0;1378;1;0;1;5;5;240;1;-1;0;1;0
54;0;0;0;0;184;0;0;1;5;5;673;2;-1;0;1;1
50;7;0;3;0;0;0;0;1;5;5;233;3;-1;0;1;0
35;7;0;2;0;0;1;0;1;5;5;1056;1;-1;0;1;0
44;11;0;2;0;1357;1;1;1;5;5;250;1;-1;0;1;0
53;5;0;1;0;19;1;0;1;5;5;252;1;-1;0;1;0
35;9;2;3;0;434;0;0;1;5;5;138;1;-1;0;1;0
60;0;1;2;0;92;1;0;1;5;5;130;1;-1;0;1;0
53;0;1;2;0;1151;1;0;1;5;5;412;1;-1;0;1;0
48;2;0;2;0;41;1;0;1;5;5;179;2;-1;0;1;0
34;10;0;2;0;51;1;0;1;5;5;19;2;-1;0;1;0
54;11;0;2;0;214;1;0;1;5;5;458;2;-1;0;1;0
51;3;0;2;0;1161;1;0;1;5;5;717;1;-1;0;1;0
31;11;0;0;0;37;1;0;1;5;5;313;1;-1;0;1;0
35;10;1;2;0;787;1;0;1;5;5;683;2;-1;0;1;0
35;11;0;2;0;59;1;0;1;5;5;1077;1;-1;0;1;0
38;10;0;2;0;253;1;0;1;5;5;416;1;-1;0;1;0
36;0;0;0;0;211;1;0;1;5;5;146;2;-1;0;1;0
58;9;0;3;0;235;1;0;1;5;5;167;1;-1;0;1;0
54;3;0;2;0;4080;0;0;1;5;5;140;1;-1;0;1;0
34;7;2;2;0;53;1;1;1;5;5;346;1;-1;0;1;0
31;3;2;0;0;0;1;0;1;5;5;562;1;-1;0;1;0
51;9;0;2;0;2127;1;0;1;5;5;172;1;-1;0;1;0
33;3;0;0;0;377;1;0;1;5;5;217;1;-1;0;1;0
55;3;0;0;0;73;1;0;1;5;5;142;2;-1;0;1;0
42;0;0;2;0;445;1;0;1;5;5;67;1;-1;0;1;0
34;7;0;2;0;243;1;0;1;5;5;291;1;-1;0;1;0
33;7;2;2;0;307;1;0;1;5;5;309;2;-1;0;1;0
38;11;0;2;0;155;1;0;1;5;5;248;1;-1;0;1;0
50;10;1;0;0;173;0;1;1;5;5;98;1;-1;0;1;0
43;3;0;0;0;400;1;0;1;5;5;256;1;-1;0;1;0
61;7;1;3;0;1428;1;0;1;5;5;82;2;-1;0;1;0
47;0;0;2;0;219;1;0;1;5;5;577;1;-1;0;1;0
48;8;0;0;0;7;1;0;1;5;5;286;1;-1;0;1;0
44;7;0;2;0;575;1;0;1;5;5;477;1;-1;0;1;0
35;6;2;1;0;298;1;0;1;5;5;611;2;-1;0;1;0
35;11;0;2;0;0;1;0;1;5;5;471;1;-1;0;1;0
50;11;0;2;0;5699;1;0;1;5;5;381;2;-1;0;1;0
41;3;0;0;0;517;1;0;1;5;5;251;1;-1;0;1;0
39;11;2;1;0;257;1;0;1;5;5;408;1;-1;0;1;0
42;9;0;2;0;56;1;0;1;5;5;215;1;-1;0;1;0
38;7;0;2;0;-390;1;0;1;5;5;287;1;-1;0;1;0
53;9;0;2;0;330;1;0;1;5;5;216;2;-1;0;1;0
36;11;0;2;0;301;1;0;1;5;5;210;1;-1;0;1;0
54;7;0;3;0;-41;1;0;1;5;5;288;1;-1;0;1;0
40;10;0;0;0;483;1;0;1;5;5;168;1;-1;0;1;0
47;1;0;1;0;28;0;0;1;5;5;338;2;-1;0;1;0
53;2;0;1;0;13;0;0;1;5;5;410;3;-1;0;1;0
46;4;0;3;0;965;0;0;1;5;5;177;1;-1;0;1;0
39;3;0;0;0;378;1;1;1;5;5;127;2;-1;0;1;0
40;2;0;2;0;219;1;0;1;5;5;357;1;-1;0;1;0
28;7;0;3;0;324;1;0;1;5;5;175;1;-1;0;1;0
35;5;1;2;0;-69;1;0;1;5;5;300;1;-1;0;1;0
55;9;0;2;0;0;0;1;1;5;5;136;1;-1;0;1;0
43;10;1;1;0;205;1;0;1;5;5;1419;1;-1;0;1;0
48;7;0;3;0;278;1;0;1;5;5;125;2;-1;0;1;0
58;3;0;1;0;1065;1;0;1;5;5;213;3;-1;0;1;0
33;3;2;0;0;34;1;0;1;5;5;27;1;-1;0;1;0
36;7;0;1;0;1033;0;0;1;5;5;238;2;-1;0;1;0
53;11;1;2;0;1467;1;0;1;5;5;124;1;-1;0;1;0
47;7;0;3;0;-12;1;0;1;5;5;18;1;-1;0;1;0
57;5;0;2;0;294;1;0;1;5;5;746;2;-1;0;1;0
53;7;0;1;0;1827;0;0;1;5;5;121;1;-1;0;1;0
45;7;0;3;0;25;1;0;1;5;5;40;1;-1;0;1;0
53;0;1;2;0;315;1;0;1;5;5;181;2;-1;0;1;0
37;7;0;3;0;0;1;0;1;5;5;79;1;-1;0;1;0
44;0;1;2;0;66;1;0;1;5;5;206;1;-1;0;1;0
49;7;1;3;0;-9;1;1;1;5;5;389;1;-1;0;1;0
46;10;0;2;0;349;1;1;1;5;5;127;1;-1;0;1;0
43;5;0;1;0;100;1;0;1;5;5;702;1;-1;0;1;0
38;0;0;2;0;0;0;0;1;5;5;151;1;-1;0;1;0
49;3;0;0;0;3237;1;0;1;5;5;232;3;-1;0;1;0
42;3;0;1;0;275;0;0;1;5;5;408;2;-1;0;1;0
22;7;2;2;0;0;1;0;1;5;5;179;2;-1;0;1;0
40;3;0;0;0;207;1;0;1;5;5;39;1;-1;0;1;0
39;7;0;2;0;483;1;0;1;5;5;282;1;-1;0;1;0
51;11;0;2;0;2248;1;0;1;5;5;714;2;-1;0;1;0
49;0;0;2;0;428;1;0;1;5;5;50;1;-1;0;1;0
53;7;0;2;0;0;1;1;1;5;5;181;1;-1;0;1;0
34;11;2;2;0;0;1;0;1;5;5;142;1;-1;0;1;0
33;10;1;2;0;140;1;0;1;5;5;227;1;-1;0;1;0
50;3;2;0;0;297;1;0;1;5;5;119;1;-1;0;1;0
39;7;0;3;0;279;1;0;1;5;5;361;1;-1;0;1;0
59;5;1;2;0;901;1;0;1;5;5;73;3;-1;0;1;0
30;10;2;2;0;2573;1;0;1;5;5;67;2;-1;0;1;0
36;11;0;2;0;143;1;1;1;5;5;350;1;-1;0;1;0
40;7;0;2;0;475;1;0;1;5;5;332;2;-1;0;1;0
34;3;2;0;0;318;1;0;1;5;5;113;2;-1;0;1;0
37;10;0;2;0;275;1;0;1;5;5;132;1;-1;0;1;0
42;3;1;0;0;742;1;0;1;5;5;58;3;-1;0;1;0
41;5;0;3;0;236;1;0;1;5;5;151;1;-1;0;1;0
30;6;2;0;0;25;1;0;1;5;5;89;2;-1;0;1;0
37;3;2;0;0;600;1;0;1;5;5;152;1;-1;0;1;0
39;0;1;2;0;-349;1;0;1;5;5;611;2;-1;0;1;0
41;7;0;3;0;183;1;1;1;5;5;110;2;-1;0;1;0
40;7;0;3;0;0;1;0;1;5;5;463;1;-1;0;1;0
42;3;2;0;0;0;1;1;1;5;5;562;2;-1;0;1;1
40;7;1;3;0;0;1;0;1;5;5;962;1;-1;0;1;0
57;10;0;2;0;1078;1;0;1;5;5;10;4;-1;0;1;0
56;5;1;2;0;155;0;0;1;5;5;118;3;-1;0;1;0
37;0;0;2;0;190;1;0;1;5;5;92;2;-1;0;1;0
39;11;1;2;0;-185;1;0;1;5;5;189;3;-1;0;1;0
38;11;2;2;0;570;1;0;1;5;5;75;2;-1;0;1;0
36;8;0;0;0;19;0;0;1;5;5;189;2;-1;0;1;0
50;7;0;3;0;61;1;0;1;5;5;621;3;-1;0;1;0
41;0;0;2;0;-62;1;1;1;5;5;55;2;-1;0;1;0
54;10;0;0;0;258;0;0;1;5;5;310;4;-1;0;1;0
58;7;0;3;0;76;1;0;1;5;5;156;2;-1;0;1;0
30;7;2;2;0;0;1;0;1;5;5;5;2;-1;0;1;0
33;0;2;2;0;352;1;0;1;5;5;225;2;-1;0;1;0
47;0;0;2;0;368;1;0;1;5;5;125;2;-1;0;1;0
50;10;2;0;0;339;1;0;1;5;5;2;3;-1;0;1;0
32;7;0;2;0;1331;1;0;1;5;5;286;2;-1;0;1;0
40;8;0;2;0;672;1;0;1;5;5;164;2;-1;0;1;0
37;3;0;0;0;58;1;0;1;5;5;98;2;-1;0;1;0
54;10;2;1;0;447;1;0;1;5;5;742;2;-1;0;1;0
24;6;2;2;0;423;1;0;1;5;5;226;3;-1;0;1;0
54;3;0;0;0;0;0;0;1;5;5;120;2;-1;0;1;0
34;10;0;2;0;19;1;0;1;5;5;362;4;-1;0;1;0
56;10;1;3;0;13;1;0;1;5;5;357;2;-1;0;1;0
31;7;2;2;0;3;1;0;1;5;5;200;2;-1;0;1;0
24;6;2;2;0;82;1;0;1;5;5;204;2;-1;0;1;0
42;7;1;3;0;28;1;0;1;5;5;126;3;-1;0;1;0
57;10;0;2;0;792;1;0;1;5;5;65;2;-1;0;1;0
42;7;0;1;0;408;1;0;1;5;5;107;2;-1;0;1;0
51;0;0;2;0;531;1;0;1;5;5;267;2;-1;0;1;0
57;9;0;2;0;211;1;0;1;5;5;248;2;-1;0;1;0
36;11;2;2;0;62;1;0;1;5;5;215;2;-1;0;1;0
53;11;0;1;0;257;1;0;1;5;5;209;2;-1;0;1;0
50;10;0;2;0;1234;1;0;1;5;5;205;2;-1;0;1;0
54;3;0;0;0;313;1;0;1;5;5;83;2;-1;0;1;0
55;7;0;2;0;89;1;0;1;5;5;106;3;-1;0;1;0
44;7;0;2;0;129;1;1;1;5;5;189;2;-1;0;1;0
43;3;0;1;0;0;1;0;1;5;5;105;2;-1;0;1;0
56;0;0;2;0;353;1;0;1;5;5;106;2;-1;0;1;0
54;10;0;1;0;851;1;0;1;5;5;108;2;-1;0;1;0
55;11;1;3;0;96;1;1;1;5;5;311;2;-1;0;1;0
37;11;1;2;0;398;1;1;1;5;5;214;2;-1;0;1;0
33;0;2;0;0;193;0;0;1;5;5;132;2;-1;0;1;0
46;0;0;2;0;-358;1;0;1;5;5;358;2;-1;0;1;0
36;7;0;2;0;539;1;1;1;5;5;453;2;-1;0;1;0
51;10;2;2;0;0;1;0;1;5;5;364;2;-1;0;1;0
40;9;2;3;0;0;0;0;1;5;5;136;2;-1;0;1;0
42;7;0;2;0;490;1;0;1;5;5;386;2;-1;0;1;0
51;7;0;2;0;0;1;0;1;5;5;173;2;-1;0;1;0
49;7;0;1;0;403;1;0;1;5;5;241;2;-1;0;1;0
48;3;0;2;0;161;1;0;1;5;5;224;3;-1;0;1;0
32;10;1;0;0;2558;0;0;1;5;5;148;2;-1;0;1;0
31;0;2;2;0;98;1;0;1;5;5;196;2;-1;0;1;0
55;3;2;0;0;115;0;0;1;5;5;111;4;-1;0;1;0
40;7;2;2;0;436;1;0;1;5;5;231;3;-1;0;1;0
47;10;0;0;0;831;1;0;1;5;5;316;3;-1;0;1;0
41;7;0;2;0;290;1;0;1;5;5;240;2;-1;0;1;0
48;7;0;2;0;1;0;0;1;5;5;669;3;-1;0;1;0
42;7;0;1;0;57;1;0;1;5;5;425;2;-1;0;1;0
30;7;2;2;0;-457;1;0;1;5;5;143;2;-1;0;1;0
58;3;2;0;0;1387;1;0;1;5;5;174;5;-1;0;1;0
45;3;1;0;0;24598;1;0;1;5;5;313;3;-1;0;1;0
49;7;0;2;0;30;1;0;1;5;5;135;4;-1;0;1;0
53;10;0;2;0;56;1;1;1;5;5;152;2;-1;0;1;0
51;0;2;2;1;-2;0;0;1;5;5;402;3;-1;0;1;0
32;11;2;2;0;121;1;0;1;5;5;213;2;-1;0;1;0
41;7;2;2;0;842;1;0;1;5;5;144;3;-1;0;1;0
43;3;1;2;0;693;1;0;1;5;5;124;3;-1;0;1;0
40;7;1;2;0;-333;1;0;1;5;5;183;2;-1;0;1;0
50;7;0;3;0;1533;1;0;1;5;5;325;2;-1;0;1;0
34;3;0;0;0;46;1;0;1;5;5;39;4;-1;0;1;0
53;11;0;1;0;18;0;0;1;5;5;503;2;-1;0;1;0
45;10;0;2;0;44;1;0;1;5;5;95;4;-1;0;1;0
39;7;0;3;0;-100;1;0;1;5;5;680;2;-1;0;1;0
44;11;0;0;0;510;1;0;1;5;5;421;4;-1;0;1;0
55;3;0;0;0;685;1;0;1;5;5;174;3;-1;0;1;0
46;3;2;0;0;187;1;0;1;5;5;113;2;-1;0;1;0
45;7;0;2;0;66;1;0;1;5;5;808;2;-1;0;1;0
34;0;0;2;0;560;1;0;1;5;5;198;3;-1;0;1;0
36;7;0;2;0;0;1;0;1;5;5;195;2;-1;0;1;0
59;1;1;1;0;27;0;0;1;5;5;347;3;-1;0;1;0
31;0;2;2;0;12;1;0;1;5;5;208;2;-1;0;1;0
44;7;2;2;0;34;1;0;1;5;5;404;4;-1;0;1;0
33;5;2;0;0;1068;1;0;1;5;5;396;2;-1;0;1;0
40;7;0;2;0;211;1;0;1;5;5;216;4;-1;0;1;0
46;0;2;0;0;377;1;0;1;5;5;98;2;-1;0;1;0
42;11;0;2;0;1263;1;0;1;6;5;114;2;-1;0;1;0
27;11;0;2;0;8;1;0;1;6;5;88;3;-1;0;1;0
48;0;0;2;0;126;1;1;1;6;5;379;2;-1;0;1;0
59;0;0;2;0;230;1;0;1;6;5;190;3;-1;0;1;0
46;10;0;0;0;841;1;0;1;6;5;158;1;-1;0;1;0
38;0;1;2;0;308;1;0;1;6;5;102;1;-1;0;1;0
43;3;1;0;0;1;1;0;1;6;5;306;1;-1;0;1;0
23;6;2;2;0;157;1;0;1;6;5;54;1;-1;0;1;0
34;11;0;2;0;22;1;0;1;6;5;344;1;-1;0;1;0
37;7;0;2;0;1293;0;0;1;6;5;652;1;-1;0;1;0
25;0;2;2;0;122;1;0;1;6;5;286;1;-1;0;1;0
49;7;2;2;0;143;1;0;1;6;5;83;1;-1;0;1;0
38;0;2;2;0;393;0;0;1;6;5;184;2;-1;0;1;0
43;7;0;3;0;98;1;0;1;6;5;235;1;-1;0;1;0
33;3;0;0;0;0;1;0;1;6;5;290;1;-1;0;1;0
55;7;0;2;0;224;1;0;1;6;5;232;1;-1;0;1;0
38;7;0;2;0;757;1;0;1;6;5;133;1;-1;0;1;0
49;11;0;2;0;245;1;1;1;6;5;318;1;-1;0;1;0
40;3;0;2;0;8486;0;0;1;6;5;260;3;-1;0;1;0
43;0;0;1;0;350;0;0;1;6;5;437;1;-1;0;1;0
38;7;0;2;0;20;1;0;1;6;5;402;1;-1;0;1;0
58;11;0;2;0;1667;1;1;1;6;5;85;1;-1;0;1;0
57;10;0;1;0;345;1;0;1;6;5;125;1;-1;0;1;0
56;3;0;0;0;830;1;1;1;6;5;1201;1;-1;0;1;1
58;7;1;1;0;29;1;0;1;6;5;253;1;-1;0;1;0
60;9;1;2;0;545;1;0;1;6;5;1030;1;-1;0;1;1
37;10;0;0;0;8730;1;0;1;6;5;149;1;-1;0;1;0
46;10;1;0;0;477;1;0;1;6;5;114;1;-1;0;1;0
27;0;0;2;0;4;1;0;1;6;5;243;1;-1;0;1;0
43;7;0;2;0;1205;1;0;1;6;5;769;2;-1;0;1;0
32;10;2;2;0;0;1;1;1;6;5;135;3;-1;0;1;0
38;0;0;2;0;1;0;0;1;6;5;76;1;-1;0;1;0
34;7;0;2;0;283;0;1;1;6;5;199;1;-1;0;1;0
47;7;0;3;0;206;1;0;1;6;5;152;1;-1;0;1;0
42;4;0;3;0;17;1;0;1;6;5;124;1;-1;0;1;0
48;10;0;2;0;141;1;1;1;6;5;424;1;-1;0;1;0
29;8;2;0;0;16;1;0;1;6;5;43;1;-1;0;1;0
50;11;0;2;0;206;1;0;1;6;5;154;1;-1;0;1;0
52;10;0;1;0;7;0;0;1;6;5;203;2;-1;0;1;0
50;3;0;0;0;0;0;0;1;6;5;326;1;-1;0;1;0
58;9;0;0;0;0;0;0;1;6;5;393;1;-1;0;1;0
46;7;1;3;0;1927;1;0;1;6;5;241;3;-1;0;1;0
38;10;0;2;0;284;1;0;1;6;5;483;1;-1;0;1;0
46;7;0;2;0;1660;1;0;1;6;5;259;1;-1;0;1;0
51;7;0;3;0;230;1;0;1;6;5;673;1;-1;0;1;0
39;0;2;2;0;-25;1;0;1;6;5;576;1;-1;0;1;0
48;0;0;2;0;182;1;0;1;6;5;180;2;-1;0;1;0
34;0;1;2;0;67;1;0;1;6;5;90;1;-1;0;1;0
40;10;0;2;0;77;0;0;1;6;5;505;1;-1;0;1;0
43;2;0;2;0;0;1;0;1;6;5;245;1;-1;0;1;0
52;7;1;3;0;55;1;1;1;6;5;186;1;-1;0;1;0
33;10;0;2;1;72;1;0;1;6;5;623;1;-1;0;1;0
49;3;2;0;0;163;1;0;1;6;5;496;3;-1;0;1;0
39;0;2;2;0;113;1;0;1;6;5;342;1;-1;0;1;0
40;7;0;2;0;0;1;0;1;6;5;225;1;-1;0;1;0
38;10;2;0;0;9;1;0;1;6;5;185;3;-1;0;1;0
43;3;0;2;0;375;1;0;1;6;5;196;2;-1;0;1;0
39;11;0;2;0;1142;1;0;1;6;5;276;1;-1;0;1;0
54;7;0;3;0;2102;1;0;1;6;5;76;1;-1;0;1;0
38;10;2;0;0;4325;1;0;1;6;5;87;1;-1;0;1;0
40;7;0;2;0;217;1;0;1;6;5;195;1;-1;0;1;0
55;0;0;2;0;131;1;0;1;6;5;744;1;-1;0;1;0
42;3;0;0;0;1680;1;0;1;6;5;765;1;-1;0;1;0
39;7;0;2;0;0;1;0;1;6;5;262;1;-1;0;1;0
40;7;0;3;0;46;1;0;1;6;5;119;1;-1;0;1;0
32;7;0;2;0;320;1;0;1;6;5;198;2;-1;0;1;0
55;0;0;2;0;183;1;0;1;6;5;150;1;-1;0;1;0
45;7;0;2;0;39;0;0;1;6;5;241;1;-1;0;1;0
35;3;2;0;0;560;1;0;1;6;5;181;1;-1;0;1;0
58;10;1;2;0;469;0;0;1;6;5;196;1;-1;0;1;0
35;0;0;2;0;530;1;0;1;6;5;149;1;-1;0;1;0
49;11;0;3;0;61;1;0;1;6;5;246;1;-1;0;1;0
34;10;2;0;0;242;1;0;1;6;5;112;1;-1;0;1;0
36;7;0;2;0;139;1;0;1;6;5;309;2;-1;0;1;0
24;8;2;2;0;0;1;0;1;6;5;278;1;-1;0;1;0
34;10;0;2;0;367;1;0;1;6;5;140;1;-1;0;1;0
51;0;1;2;0;228;1;0;1;6;5;136;1;-1;0;1;0
39;10;2;1;0;45248;1;0;1;6;5;1623;1;-1;0;1;1
32;11;2;2;0;310;1;0;1;6;5;144;1;-1;0;1;0
42;7;0;1;0;132;1;0;1;6;5;238;1;-1;0;1;0
50;10;0;2;0;797;1;0;1;6;5;354;1;-1;0;1;0
40;11;0;2;0;71;0;0;1;6;5;79;1;-1;0;1;0
46;3;1;1;0;2;1;0;1;6;5;187;1;-1;0;1;0
37;3;0;0;0;231;1;1;1;6;5;451;2;-1;0;1;0
34;7;0;2;0;270;1;1;1;6;5;159;1;-1;0;1;0
44;7;0;2;0;274;1;1;1;6;5;409;1;-1;0;1;0
40;0;2;2;0;-109;1;1;1;6;5;170;1;-1;0;1;0
37;10;0;2;0;1;1;0;1;6;5;608;1;-1;0;1;1
33;7;2;2;1;-60;0;0;1;6;5;243;1;-1;0;1;0
35;7;0;2;0;89;1;0;1;6;5;145;2;-1;0;1;0
58;7;1;2;0;-11;0;0;1;6;5;112;1;-1;0;1;0
39;7;0;3;0;0;1;0;1;6;5;262;2;-1;0;1;0
43;7;0;2;0;-509;1;0;1;6;5;124;1;-1;0;1;0
39;2;0;3;0;408;1;0;1;6;5;53;1;-1;0;1;0
36;11;2;3;0;58;1;0;1;6;5;134;1;-1;0;1;0
57;9;2;2;0;1640;0;1;1;6;5;204;4;-1;0;1;0
36;0;2;2;0;20;1;0;1;6;5;186;1;-1;0;1;0
50;7;0;3;0;71;1;0;1;6;5;678;1;-1;0;1;0
55;7;0;2;0;52;1;0;1;6;5;182;1;-1;0;1;0
44;8;0;0;0;292;1;0;1;6;5;162;1;-1;0;1;0
44;11;1;2;0;424;1;0;1;6;5;27;1;-1;0;1;0
46;7;0;1;0;1044;1;0;1;6;5;43;1;-1;0;1;0
39;7;0;2;0;983;1;0;1;6;5;97;1;-1;0;1;0
34;0;0;2;0;869;0;0;1;6;5;1677;1;-1;0;1;1
40;7;0;3;0;668;1;0;1;6;5;283;2;-1;0;1;0
50;3;0;0;0;964;1;0;1;6;5;323;1;-1;0;1;0
31;3;2;2;0;301;1;0;1;6;5;82;1;-1;0;1;0
37;0;2;2;0;140;1;0;1;6;5;310;1;-1;0;1;0
39;3;2;2;0;1877;1;0;1;6;5;185;1;-1;0;1;0
51;7;0;3;0;1127;1;0;1;6;5;47;1;-1;0;1;0
41;10;0;2;0;871;1;0;1;6;5;145;1;-1;0;1;0
41;10;0;2;0;767;1;1;1;6;5;204;1;-1;0;1;0
43;7;0;2;0;0;0;0;1;6;5;187;1;-1;0;1;0
54;3;1;3;0;0;0;0;1;6;5;472;1;-1;0;1;0
43;7;1;2;0;110;1;1;1;6;5;448;1;-1;0;1;0
59;3;1;0;0;-76;1;1;1;6;5;264;1;-1;0;1;0
47;10;0;1;0;178;1;0;1;6;5;169;1;-1;0;1;0
40;7;0;3;0;-66;1;0;1;6;5;288;1;-1;0;1;0
32;10;0;2;0;0;1;0;1;6;5;176;2;-1;0;1;0
29;7;0;2;0;1;1;0;1;6;5;215;1;-1;0;1;0
55;2;0;0;0;5345;0;0;1;6;5;278;1;-1;0;1;0
30;7;1;2;0;-209;1;0;1;6;5;188;2;-1;0;1;0
39;0;2;2;0;0;1;0;1;6;5;174;2;-1;0;1;0
39;7;1;2;0;42;1;0;1;6;5;226;2;-1;0;1;0
50;7;1;2;0;41;1;0;1;6;5;190;1;-1;0;1;0
44;7;0;2;0;-99;1;0;1;6;5;111;2;-1;0;1;0
37;10;2;2;0;17;1;0;1;6;5;164;1;-1;0;1;0
32;10;2;1;0;-170;0;0;1;6;5;46;1;-1;0;1;0
37;3;2;0;0;230;1;1;1;6;5;374;1;-1;0;1;0
29;7;0;2;0;9;1;0;1;6;5;349;1;-1;0;1;0
41;7;0;2;0;946;1;0;1;6;5;325;1;-1;0;1;0
45;7;0;3;0;1297;1;0;1;6;5;233;2;-1;0;1;0
48;7;2;2;0;44;1;0;1;6;5;153;1;-1;0;1;0
60;9;0;2;1;15;0;0;1;6;5;80;1;-1;0;1;0
26;0;2;2;0;712;1;0;1;6;5;232;1;-1;0;1;0
58;9;0;2;0;5435;1;0;1;6;5;118;1;-1;0;1;0
34;0;0;2;0;507;1;0;1;6;5;190;1;-1;0;1;0
55;2;1;2;0;387;1;0;1;6;5;918;1;-1;0;1;1
41;7;0;3;0;0;1;1;1;6;5;238;1;-1;0;1;0
50;3;1;2;0;1716;1;0;1;6;5;82;1;-1;0;1;0
44;0;0;1;0;40;0;1;1;6;5;160;2;-1;0;1;0
44;7;0;3;0;148;1;0;1;6;5;211;1;-1;0;1;0
31;10;0;2;0;17;1;1;1;6;5;120;1;-1;0;1;0
46;3;2;1;0;1527;1;0;1;6;5;269;1;-1;0;1;0
42;3;0;0;0;744;0;0;1;6;5;157;1;-1;0;1;0
52;0;0;2;0;484;1;0;1;6;5;128;1;-1;0;1;0
29;3;2;0;0;0;1;0;1;6;5;211;1;-1;0;1;0
53;9;0;3;0;136;1;0;1;6;5;267;2;-1;0;1;0
38;3;0;2;0;517;1;0;1;6;5;288;2;-1;0;1;0
46;3;0;0;0;459;1;0;1;6;5;221;1;-1;0;1;0
48;3;1;1;0;549;1;0;1;6;5;427;1;-1;0;1;0
30;0;1;2;0;83;1;1;1;6;5;310;1;-1;0;1;0
44;7;0;3;0;213;0;0;1;6;5;158;1;-1;0;1;0
31;4;0;3;0;203;1;0;1;6;5;604;3;-1;0;1;0
42;11;2;2;0;518;1;0;1;6;5;198;1;-1;0;1;0
40;3;2;0;0;3877;1;0;1;6;5;145;1;-1;0;1;0
52;0;0;2;0;1236;1;0;1;6;5;247;1;-1;0;1;0
45;7;1;2;0;756;1;0;1;6;5;179;2;-1;0;1;0
45;7;0;3;0;-66;1;0;1;6;5;263;2;-1;0;1;0
34;7;0;1;0;245;1;0;1;6;5;13;1;-1;0;1;0
34;7;0;3;0;-144;1;0;1;6;5;79;2;-1;0;1;0
46;7;0;2;0;71;1;0;1;6;5;416;1;-1;0;1;0
49;11;1;2;0;505;1;0;1;6;5;162;1;-1;0;1;0
50;10;0;3;0;249;1;0;1;6;5;129;1;-1;0;1;0
34;0;2;2;0;0;1;0;1;6;5;150;1;-1;0;1;0
40;2;2;2;0;11;1;0;1;6;5;43;1;-1;0;1;0
36;0;0;2;0;639;1;0;1;6;5;191;1;-1;0;1;0
59;7;1;1;0;124;1;0;1;6;5;26;1;-1;0;1;0
45;7;0;2;0;82;1;0;1;6;5;250;1;-1;0;1;0
36;8;0;0;0;107;1;0;1;6;5;146;1;-1;0;1;0
56;11;0;2;0;473;1;0;1;6;5;416;1;-1;0;1;0
30;0;0;2;0;46;1;0;1;6;5;114;2;-1;0;1;0
47;8;0;1;0;935;1;0;1;6;5;225;1;-1;0;1;0
33;7;0;2;0;-10;1;0;1;6;5;123;1;-1;0;1;0
36;0;0;2;0;-106;1;0;1;6;5;130;2;-1;0;1;0
39;11;1;3;0;471;1;0;1;6;5;161;2;-1;0;1;0
56;0;1;2;0;778;1;0;1;6;5;149;2;-1;0;1;0
39;7;1;1;0;170;1;0;1;6;5;268;2;-1;0;1;0
42;10;0;2;0;315;1;0;1;6;5;259;2;-1;0;1;0
52;7;0;2;0;3165;0;0;1;6;5;26;1;-1;0;1;0
36;0;1;2;0;131;1;0;1;6;5;153;1;-1;0;1;0
35;5;0;2;1;204;1;0;1;6;5;424;2;-1;0;1;0
47;10;0;2;0;83;1;0;1;6;5;179;2;-1;0;1;0
59;11;1;2;0;0;1;1;1;6;5;97;1;-1;0;1;0
38;3;0;1;0;1759;1;0;1;6;5;440;1;-1;0;1;0
46;2;0;2;0;-125;1;0;1;6;5;23;1;-1;0;1;0
34;7;0;2;0;0;0;0;1;6;5;195;1;-1;0;1;0
28;11;2;2;0;5090;1;0;1;6;5;1297;3;-1;0;1;1
38;10;0;1;0;573;1;0;1;6;5;87;1;-1;0;1;0
56;7;0;2;0;1602;1;0;1;6;5;427;1;-1;0;1;0
41;7;2;3;1;-137;1;1;1;6;5;189;1;-1;0;1;0
52;10;0;1;0;0;0;0;1;6;5;195;1;-1;0;1;0
54;11;0;2;0;193;0;0;1;6;5;179;1;-1;0;1;0
61;9;0;2;0;195;1;1;1;6;5;179;1;-1;0;1;0
53;5;0;2;0;288;0;0;1;6;5;69;1;-1;0;1;0
47;10;0;2;0;19;1;0;1;6;5;105;2;-1;0;1;0
46;11;0;2;0;216;1;0;1;6;5;524;2;-1;0;1;0
39;7;1;3;0;190;1;1;1;6;5;96;2;-1;0;1;0
56;10;1;2;0;99;1;0;1;6;5;155;2;-1;0;1;0
55;11;1;3;0;2298;1;0;1;6;5;162;2;-1;0;1;0
44;3;0;0;0;17;1;0;1;6;5;352;2;-1;0;1;0
37;10;0;3;0;0;1;0;1;6;5;76;4;-1;0;1;0
35;7;0;3;0;0;1;0;1;6;5;154;2;-1;0;1;0
55;7;0;2;0;840;1;0;1;6;5;310;2;-1;0;1;0
37;11;0;2;0;358;1;0;1;6;5;390;3;-1;0;1;0
30;10;2;2;0;0;1;0;1;6;5;369;1;-1;0;1;0
37;7;0;3;0;-325;1;1;1;6;5;112;2;-1;0;1;0
36;10;2;2;0;-15;1;0;1;6;5;341;3;-1;0;1;0
38;10;0;2;0;581;1;0;1;6;5;79;1;-1;0;1;0
41;0;1;3;0;4070;1;0;1;6;5;140;2;-1;0;1;0
48;9;0;2;0;74;0;1;1;6;5;315;1;-1;0;1;0
55;11;1;2;0;141;1;0;1;6;5;262;2;-1;0;1;0
28;11;1;2;0;89;0;0;1;6;5;174;2;-1;0;1;0
54;11;0;2;1;0;1;0;1;6;5;138;3;-1;0;1;0
30;7;0;2;0;450;0;0;1;6;5;526;2;-1;0;1;0
31;8;0;2;0;0;1;0;1;6;5;36;5;-1;0;1;0
38;7;0;2;0;384;1;0;1;6;5;1906;3;-1;0;1;0
37;11;2;1;0;-118;1;0;1;6;5;147;2;-1;0;1;0
56;7;0;3;0;5;1;1;1;6;5;407;2;-1;0;1;0
51;7;0;2;0;50;1;1;1;6;5;121;1;-1;0;1;0
49;10;0;1;0;15;0;0;1;6;5;92;2;-1;0;1;0
51;7;0;3;0;653;1;1;1;6;5;208;1;-1;0;1;0
43;8;0;2;0;918;1;0;1;6;5;193;1;-1;0;1;0
32;11;0;2;0;243;1;1;1;6;5;144;1;-1;0;1;0
29;10;2;0;0;405;1;0;1;6;5;65;1;-1;0;1;0
55;11;0;3;0;255;1;0;1;6;5;285;1;-1;0;1;0
53;7;0;2;0;3397;1;0;1;6;5;231;1;-1;0;1;0
39;3;0;0;0;2877;1;0;1;6;5;278;1;-1;0;1;0
31;7;2;0;0;60;1;1;1;6;5;389;1;-1;0;1;0
40;7;0;3;0;2880;1;0;1;6;5;145;2;-1;0;1;0
40;10;2;1;0;-5;1;0;1;6;5;78;2;-1;0;1;0
48;10;0;2;0;147;0;0;1;6;5;142;3;-1;0;1;0
33;10;1;2;0;7;1;1;1;6;5;87;1;-1;0;1;0
40;10;0;2;0;109;1;0;1;6;5;147;2;-1;0;1;0
59;9;0;3;0;-119;1;0;1;6;5;289;1;-1;0;1;0
30;10;0;2;0;484;1;0;1;6;5;703;1;-1;0;1;1
31;3;2;0;0;1852;1;0;1;6;5;170;3;-1;0;1;0
35;2;0;2;0;533;1;0;1;6;5;802;1;-1;0;1;0
54;10;1;2;0;21;1;0;1;6;5;381;2;-1;0;1;0
34;0;2;1;0;2434;1;0;1;6;5;218;4;-1;0;1;0
32;10;0;2;0;90;1;1;1;6;5;57;2;-1;0;1;0
56;0;1;1;0;4246;1;0;1;6;5;304;2;-1;0;1;0
32;0;2;0;0;395;1;0;1;6;5;241;3;-1;0;1;0
42;7;0;3;0;15;1;0;1;6;5;230;1;-1;0;1;0
33;11;0;0;0;85;0;0;1;6;5;262;3;-1;0;1;0
52;5;0;0;0;-184;1;1;1;6;5;392;2;-1;0;1;0
52;11;0;2;0;660;0;0;1;6;5;201;2;-1;0;1;0
52;7;1;3;1;-183;1;0;1;6;5;145;1;-1;0;1;0
30;2;1;2;0;1144;1;0;1;6;5;252;1;-1;0;1;0
44;11;1;2;0;1;1;0;1;6;5;235;4;-1;0;1;0
35;0;0;2;0;69;1;1;1;6;5;235;2;-1;0;1;0
55;3;2;2;0;220;1;0;1;6;5;328;2;-1;0;1;0
33;7;0;3;0;332;1;0;1;6;5;116;2;-1;0;1;0
37;7;2;2;0;240;1;0;1;6;5;246;1;-1;0;1;0
42;10;2;2;0;0;1;0;1;6;5;293;1;-1;0;1;0
43;2;0;2;0;0;1;0;1;6;5;37;2;-1;0;1;0
38;5;0;0;0;898;1;0;1;6;5;132;2;-1;0;1;0
37;10;0;2;0;123;1;1;1;6;5;530;2;-1;0;1;0
31;6;2;2;0;252;1;0;1;6;5;175;3;-1;0;1;0
41;3;0;0;0;65;1;0;1;6;5;524;2;-1;0;1;0
41;10;0;2;0;-366;1;1;1;6;5;29;3;-1;0;1;0
29;6;2;2;0;209;1;0;1;6;5;311;2;-1;0;1;0
38;0;2;2;0;221;1;0;1;6;5;211;2;-1;0;1;0
44;8;1;0;0;4;1;0;1;6;5;312;3;-1;0;1;0
39;0;0;2;0;104;1;0;1;6;5;412;1;-1;0;1;0
28;10;2;2;0;312;1;0;1;6;5;392;1;-1;0;1;0
33;7;0;2;0;-349;1;0;1;6;5;191;1;-1;0;1;0
41;11;0;1;0;4;0;0;1;6;5;284;2;-1;0;1;0
40;7;0;3;0;-322;1;1;1;6;5;144;1;-1;0;1;0
29;0;0;2;0;-150;1;0;1;6;5;328;1;-1;0;1;0
38;3;0;1;0;1349;1;0;1;6;5;100;1;-1;0;1;0
32;0;0;0;0;281;1;0;1;6;5;226;1;-1;0;1;0
45;11;0;2;0;1259;1;0;1;6;5;507;1;-1;0;1;0
33;0;2;2;0;101;1;0;1;6;5;392;1;-1;0;1;0
34;7;0;2;0;848;1;0;1;6;5;684;2;-1;0;1;0
41;7;0;2;0;140;1;0;1;6;5;311;3;-1;0;1;0
35;0;2;2;0;148;1;0;1;6;5;128;2;-1;0;1;0
40;10;2;2;0;200;1;0;1;6;5;322;2;-1;0;1;0
60;8;0;3;0;46;1;0;1;6;5;202;4;-1;0;1;0
47;11;1;2;0;201;1;0;1;6;5;92;2;-1;0;1;0
46;7;0;3;0;530;1;0;1;6;5;739;3;-1;0;1;0
31;7;2;2;0;0;1;0;1;6;5;273;2;-1;0;1;0
49;8;0;2;0;1;1;0;1;6;5;260;3;-1;0;1;0
29;7;0;2;0;43;1;0;1;6;5;268;2;-1;0;1;0
31;3;2;0;0;-173;1;0;1;6;5;396;2;-1;0;1;0
37;7;0;3;0;215;1;1;1;6;5;308;3;-1;0;1;0
35;10;0;2;0;-131;1;0;1;6;5;467;2;-1;0;1;0
31;3;2;2;0;783;1;0;1;6;5;320;1;-1;0;1;0
41;0;0;2;0;0;1;0;1;6;5;160;3;-1;0;1;0
46;11;0;1;0;80;1;0;1;6;5;245;2;-1;0;1;0
40;11;1;2;0;105;1;0;1;6;5;189;2;-1;0;1;0
29;0;0;2;0;182;1;1;1;6;5;477;1;-1;0;1;0
49;0;0;2;0;82;1;0;1;6;5;310;1;-1;0;1;0
42;3;0;0;0;0;1;0;1;6;5;65;3;-1;0;1;0
54;11;0;2;0;510;1;0;1;6;5;196;2;-1;0;1;0
40;3;2;0;0;242;1;0;1;6;5;221;2;-1;0;1;0
53;0;0;2;0;244;1;1;1;6;5;197;2;-1;0;1;0
40;7;0;3;1;0;1;0;1;6;5;64;2;-1;0;1;0
29;6;2;2;0;948;1;0;1;6;5;75;2;-1;0;1;0
36;7;0;3;0;23;1;0;1;6;5;400;2;-1;0;1;0
37;10;0;2;0;710;1;0;1;6;5;378;3;-1;0;1;0
39;11;0;2;0;1205;1;0;1;6;5;118;2;-1;0;1;0
36;10;0;2;0;368;1;1;1;6;5;1597;2;-1;0;1;1
44;5;0;0;0;1631;1;0;1;6;5;346;2;-1;0;1;0
40;0;0;2;0;6;1;0;1;6;5;60;3;-1;0;1;0
49;7;0;2;0;26;1;0;1;6;5;276;2;-1;0;1;0
30;10;2;1;0;-48;1;0;1;6;5;152;2;-1;0;1;0
57;3;0;0;0;2142;1;0;1;6;5;251;3;-1;0;1;0
24;11;2;2;0;77;1;1;1;6;5;390;2;-1;0;1;0
46;7;0;1;0;401;1;0;1;6;5;306;2;-1;0;1;0
33;0;0;2;0;21;0;0;1;6;5;189;3;-1;0;1;0
43;11;1;2;0;0;1;0;1;6;5;125;2;-1;0;1;0
43;0;2;2;0;-497;1;0;1;6;5;234;2;-1;0;1;0
40;7;1;3;0;369;0;0;1;6;5;79;2;-1;0;1;0
44;10;2;1;0;78;1;0;1;6;5;13;6;-1;0;1;0
35;10;2;0;0;226;1;1;1;6;5;283;3;-1;0;1;0
47;10;0;2;0;503;1;0;1;6;5;109;2;-1;0;1;0
33;7;0;2;0;372;1;0;1;6;5;132;2;-1;0;1;0
40;7;1;2;0;0;1;0;1;6;5;121;2;-1;0;1;0
36;5;0;0;0;125;1;0;1;6;5;95;3;-1;0;1;0
56;9;1;3;0;4;1;0;1;6;5;31;3;-1;0;1;0
40;0;2;1;0;419;1;0;1;6;5;112;3;-1;0;1;0
41;0;1;2;0;322;1;0;1;6;5;87;4;-1;0;1;0
53;9;0;2;0;303;1;0;1;6;5;593;2;-1;0;1;0
39;7;0;2;0;607;1;0;1;6;5;99;2;-1;0;1;0
44;7;1;2;0;579;1;0;1;6;5;198;2;-1;0;1;0
38;0;0;2;0;3047;1;0;1;6;5;285;2;-1;0;1;0
54;10;1;2;0;83;1;0;1;6;5;190;3;-1;0;1;0
58;3;0;0;0;68;1;0;1;6;5;172;5;-1;0;1;0
52;7;0;3;0;58;1;0;1;6;5;213;3;-1;0;1;0
28;0;2;2;0;251;1;0;1;6;5;178;2;-1;0;1;0
60;9;0;3;0;364;1;0;1;6;5;631;2;-1;0;1;0
42;11;1;2;0;55;1;0;1;6;5;176;5;-1;0;1;0
42;0;0;2;0;101;1;0;1;6;5;32;3;-1;0;1;0
44;3;0;0;0;105;1;0;1;6;5;1529;2;-1;0;1;0
51;7;1;3;0;325;1;0;1;6;5;254;2;-1;0;1;0
49;7;0;3;0;198;1;0;1;6;5;200;2;-1;0;1;0
37;7;0;2;0;183;1;0;1;6;5;112;4;-1;0;1;0
34;3;0;0;0;105;1;0;1;6;5;314;3;-1;0;1;0
40;7;0;3;0;-7;1;0;1;6;5;410;2;-1;0;1;0
55;10;0;2;0;0;0;0;1;6;5;160;3;-1;0;1;0
55;9;0;2;0;143;1;0;1;6;5;42;3;-1;0;1;0
35;3;2;0;0;550;1;0;1;6;5;55;2;-1;0;1;0
57;7;0;3;0;162;1;0;1;6;5;155;2;-1;0;1;0
53;3;0;0;0;115;1;0;1;6;5;336;3;-1;0;1;0
41;7;0;3;0;512;1;0;1;6;5;233;2;-1;0;1;0
57;7;0;1;0;807;1;0;1;6;5;211;2;-1;0;1;0
45;7;0;1;0;248;1;0;1;6;5;88;5;-1;0;1;0
56;8;0;1;0;7;0;0;1;6;5;305;2;-1;0;1;0
31;5;0;0;0;281;1;0;1;6;5;206;2;-1;0;1;0
37;7;2;2;0;88;1;0;1;6;5;128;2;-1;0;1;0
30;3;0;0;0;32;1;0;1;6;5;122;3;-1;0;1;0
30;0;2;2;0;115;1;0;1;6;5;66;3;-1;0;1;0
54;7;0;2;0;254;1;0;1;6;5;66;2;-1;0;1;0
36;3;0;0;0;144;1;0;1;6;5;164;2;-1;0;1;0
37;0;2;2;0;569;1;1;1;6;5;126;2;-1;0;1;0
38;4;0;2;0;0;1;0;1;6;5;59;3;-1;0;1;0
48;0;0;2;0;3754;1;0;1;6;5;249;3;-1;0;1;0
55;4;1;0;0;6920;1;0;1;6;5;406;3;-1;0;1;0
59;11;0;2;0;307;1;1;1;6;5;250;7;-1;0;1;0
37;10;0;2;0;-421;1;0;1;6;5;183;5;-1;0;1;0
33;7;1;2;0;60;0;0;1;6;5;190;3;-1;0;1;0
44;7;0;3;0;67;1;0;1;6;5;220;2;-1;0;1;0
57;10;0;2;0;402;1;0;1;6;5;153;3;-1;0;1;0
30;8;2;0;0;800;0;0;1;6;5;95;2;-1;0;1;0
42;10;0;0;0;239;1;1;1;6;5;191;3;-1;0;1;0
51;7;1;2;0;421;1;0;1;6;5;216;2;-1;0;1;0
44;0;1;2;0;161;1;0;1;7;5;89;2;-1;0;1;0
46;10;0;2;1;289;0;0;1;7;5;51;3;-1;0;1;0
29;6;2;2;0;110;1;0;1;7;5;169;3;-1;0;1;0
39;7;0;3;0;245;1;0;1;7;5;148;3;-1;0;1;0
42;11;0;2;0;0;1;0;1;7;5;132;3;-1;0;1;0
50;7;0;3;0;156;1;0;1;7;5;117;3;-1;0;1;0
39;0;0;2;0;20;1;0;1;7;5;124;2;-1;0;1;0
55;10;2;0;0;92;1;0;1;7;5;118;3;-1;0;1;0
46;11;0;2;0;89;1;0;1;7;5;479;2;-1;0;1;0
42;7;0;2;0;166;1;0;1;7;5;285;3;-1;0;1;0
45;3;0;0;0;103;1;0;1;7;5;35;4;-1;0;1;0
43;7;0;3;0;-454;1;0;1;7;5;322;2;-1;0;1;0
42;0;0;2;0;445;1;0;1;7;5;202;2;-1;0;1;0
30;0;0;2;0;4;0;0;1;7;5;172;8;-1;0;1;0
47;7;0;2;0;1001;1;0;1;7;5;201;4;-1;0;1;0
51;11;1;2;0;-69;1;0;1;7;5;216;3;-1;0;1;0
38;10;2;2;0;42;1;0;1;7;5;195;2;-1;0;1;0
57;10;0;1;0;1617;1;0;1;7;5;96;2;-1;0;1;0
32;10;1;2;0;210;1;1;1;7;5;188;2;-1;0;1;0
29;6;2;0;0;185;1;0;1;7;5;141;3;-1;0;1;0
59;9;0;2;0;836;1;0;1;7;5;106;1;-1;0;1;0
32;7;2;2;0;301;1;0;1;7;5;395;2;-1;0;1;0
44;7;0;3;0;503;1;0;1;7;5;629;2;-1;0;1;0
40;9;0;3;0;407;1;0;1;7;5;502;1;-1;0;1;0
31;7;2;2;0;53;1;0;1;7;5;446;1;-1;0;1;0
46;8;0;0;0;2303;1;0;1;7;5;241;1;-1;0;1;0
43;3;0;0;0;144;1;0;1;7;5;131;3;-1;0;1;0
34;11;0;2;0;205;1;0;1;7;5;312;1;-1;0;1;0
39;3;0;0;0;305;1;0;1;7;5;275;6;-1;0;1;0
30;7;1;2;0;251;1;1;1;7;5;120;2;-1;0;1;0
56;9;0;2;0;0;1;0;1;7;5;333;4;-1;0;1;0
29;10;0;2;0;8;0;0;1;7;5;113;1;-1;0;1;0
40;7;1;2;0;139;1;0;1;7;5;91;1;-1;0;1;0
36;11;0;2;0;184;1;0;1;7;5;128;3;-1;0;1;0
37;7;2;2;0;238;1;0;1;7;5;200;2;-1;0;1;0
35;7;0;3;1;0;1;0;1;7;5;292;1;-1;0;1;0
47;11;0;3;0;222;1;0;1;7;5;68;1;-1;0;1;0
31;11;0;2;0;414;1;0;1;7;5;215;1;-1;0;1;0
56;9;2;3;0;223;1;0;1;7;5;97;1;-1;0;1;0
57;10;0;2;0;197;0;0;1;7;5;32;1;-1;0;1;0
36;7;0;2;0;-251;1;0;1;7;5;162;1;-1;0;1;0
45;8;1;2;0;-139;1;0;1;7;5;152;3;-1;0;1;0
47;7;0;1;0;733;1;0;1;7;5;268;1;-1;0;1;0
57;11;0;2;0;1;0;0;1;7;5;852;1;-1;0;1;0
31;7;2;3;0;435;1;0;1;7;5;159;2;-1;0;1;0
31;3;1;0;0;0;1;0;1;7;5;953;3;-1;0;1;0
37;10;2;0;0;147;0;0;1;7;5;416;2;-1;0;1;0
30;10;2;0;0;3;1;0;1;7;5;174;1;-1;0;1;0
58;11;1;2;0;1109;1;1;1;7;5;180;1;-1;0;1;0
33;11;0;2;0;404;1;0;1;7;5;139;1;-1;0;1;0
39;7;0;3;0;981;1;0;1;7;5;294;1;-1;0;1;0
33;7;2;3;0;95;1;0;1;7;5;102;1;-1;0;1;0
34;11;0;2;0;302;1;0;1;7;5;124;1;-1;0;1;0
36;11;1;2;0;-290;1;1;1;7;5;128;1;-1;0;1;0
37;11;2;2;0;259;1;0;1;7;5;130;1;-1;0;1;0
35;7;0;2;0;527;1;1;1;7;5;143;1;-1;0;1;0
55;9;0;2;0;102;1;0;1;7;5;74;1;-1;0;1;0
40;3;1;0;0;490;1;0;1;7;5;477;2;-1;0;1;0
42;7;2;3;0;19;1;0;1;7;5;158;1;-1;0;1;0
37;7;0;2;0;16;1;0;1;7;5;250;1;-1;0;1;0
42;3;0;0;0;386;1;0;1;7;5;168;1;-1;0;1;0
35;10;2;2;0;539;1;0;1;7;5;520;1;-1;0;1;0
30;11;2;2;0;-174;1;0;1;7;5;113;1;-1;0;1;0
35;7;2;1;1;-532;1;0;1;7;5;149;1;-1;0;1;0
36;0;1;2;0;0;1;0;1;7;5;133;2;-1;0;1;0
49;7;0;2;0;64;1;0;1;7;5;293;3;-1;0;1;0
31;7;2;2;0;1415;1;0;1;7;5;485;1;-1;0;1;0
31;10;2;2;0;147;1;0;1;7;5;374;1;-1;0;1;0
39;7;0;2;0;72;1;0;1;7;5;425;6;-1;0;1;0
37;11;2;2;0;-196;1;0;1;7;5;207;1;-1;0;1;0
33;7;0;3;0;716;1;0;1;7;5;83;3;-1;0;1;0
37;3;0;0;0;0;1;0;1;7;5;228;1;-1;0;1;0
56;7;0;2;0;-203;1;0;1;7;5;139;1;-1;0;1;0
37;0;2;2;0;245;1;1;1;7;5;732;2;-1;0;1;1
29;10;2;0;0;3;1;0;1;7;5;359;1;-1;0;1;0
54;3;0;0;1;-248;1;1;1;7;5;112;1;-1;0;1;0
43;7;1;2;0;370;1;0;1;7;5;216;1;-1;0;1;0
47;0;2;2;0;594;1;0;1;7;5;161;1;-1;0;1;0
47;7;0;2;0;387;1;0;1;7;5;122;2;-1;0;1;0
38;11;0;2;0;208;1;0;1;7;5;800;1;-1;0;1;0
40;7;0;2;0;563;1;0;1;7;5;615;1;-1;0;1;0
33;11;1;2;0;392;1;1;1;7;5;254;1;-1;0;1;0
33;9;0;2;0;165;0;0;1;7;5;111;1;-1;0;1;0
53;0;1;1;0;236;1;0;1;7;5;354;1;-1;0;1;0
40;3;2;0;0;1265;1;0;1;7;5;97;1;-1;0;1;0
37;7;0;3;0;693;1;0;1;7;5;327;3;-1;0;1;0
35;10;0;2;0;118;1;0;1;7;5;236;1;-1;0;1;0
49;7;0;3;0;3659;1;0;1;7;5;160;1;-1;0;1;0
26;7;2;2;0;24;1;0;1;7;5;180;1;-1;0;1;0
38;3;2;0;0;673;1;0;1;7;5;184;1;-1;0;1;0
52;8;0;2;0;273;0;0;1;7;5;227;1;-1;0;1;0
33;11;1;2;0;327;1;0;1;7;5;109;1;-1;0;1;0
31;0;2;2;0;299;1;0;1;7;5;492;2;-1;0;1;0
32;7;0;2;0;0;1;0;1;7;5;298;1;-1;0;1;0
35;7;2;3;0;109;1;0;1;7;5;83;2;-1;0;1;0
55;3;1;0;0;552;0;0;1;7;5;241;2;-1;0;1;0
32;7;1;3;0;473;1;0;1;7;5;204;2;-1;0;1;0
37;1;2;1;0;414;1;0;1;7;5;131;1;-1;0;1;0
45;7;0;2;0;154;1;0;1;7;5;1138;1;-1;0;1;1
31;10;0;2;0;344;1;0;1;7;5;123;1;-1;0;1;0
38;0;0;2;0;8;1;0;1;7;5;125;1;-1;0;1;0
37;11;0;2;0;78;1;0;1;7;5;295;2;-1;0;1;0
38;7;0;2;0;266;1;0;1;7;5;287;1;-1;0;1;0
33;4;0;0;0;98;1;1;1;7;5;109;1;-1;0;1;0
38;7;0;3;0;83;1;0;1;7;5;140;2;-1;0;1;0
37;3;2;0;1;45;1;0;1;7;5;204;1;-1;0;1;0
29;2;0;0;0;8;1;0;1;7;5;233;1;-1;0;1;0
42;3;0;0;0;263;1;0;1;7;5;254;1;-1;0;1;0
40;7;0;2;0;306;1;0;1;7;5;184;2;-1;0;1;0
32;3;0;0;0;233;1;0;1;7;5;193;1;-1;0;1;0
29;6;2;2;0;872;1;0;1;7;5;230;1;-1;0;1;0
53;11;1;3;0;-291;1;1;1;7;5;591;1;-1;0;1;1
59;7;0;2;0;202;1;0;1;7;5;173;1;-1;0;1;0
29;5;0;3;0;56;1;1;1;7;5;336;1;-1;0;1;0
59;7;0;3;0;229;1;1;1;7;5;19;1;-1;0;1;0
44;7;0;3;0;143;1;0;1;7;5;153;1;-1;0;1;0
38;0;2;2;0;100;1;0;1;7;5;786;1;-1;0;1;1
49;0;0;2;0;326;1;0;1;7;5;99;2;-1;0;1;0
43;7;0;2;0;167;1;0;1;7;5;243;1;-1;0;1;0
52;0;2;2;0;545;1;0;1;7;5;260;1;-1;0;1;0
40;0;0;2;0;2100;1;1;1;7;5;164;2;-1;0;1;0
32;11;0;2;0;0;1;1;1;7;5;255;2;-1;0;1;0
47;0;0;3;0;192;1;0;1;7;5;47;1;-1;0;1;0
33;3;0;0;0;442;1;0;1;7;5;463;1;-1;0;1;0
35;3;0;0;0;267;1;0;1;7;5;192;1;-1;0;1;0
50;7;0;3;0;377;1;0;1;7;5;221;1;-1;0;1;0
44;9;0;2;0;7624;0;0;1;7;5;126;5;-1;0;1;0
43;8;0;3;0;66;1;0;1;7;5;175;5;-1;0;1;0
51;7;0;1;0;37;1;0;1;7;5;256;6;-1;0;1;0
32;0;2;2;0;64;1;0;1;7;5;202;2;-1;0;1;0
47;3;1;0;0;34;1;0;1;7;5;104;1;-1;0;1;0
34;0;1;2;0;627;1;0;1;7;5;283;2;-1;0;1;0
57;8;0;3;0;1013;1;0;1;7;5;448;1;-1;0;1;0
43;0;2;2;0;140;1;0;1;7;5;127;1;-1;0;1;0
40;11;2;0;0;8823;1;0;1;7;5;378;1;-1;0;1;0
28;7;2;2;0;97;1;0;1;7;5;67;1;-1;0;1;0
38;7;0;1;0;5;1;0;1;7;5;221;2;-1;0;1;0
37;2;1;2;0;74;1;0;1;7;5;150;1;-1;0;1;0
44;0;0;2;0;58544;1;0;1;7;5;144;2;-1;0;1;0
41;10;0;2;0;169;1;0;1;7;5;296;2;-1;0;1;0
37;8;0;0;0;444;1;0;1;7;5;401;2;-1;0;1;0
30;11;2;0;0;542;1;0;1;7;5;435;2;-1;0;1;0
32;7;0;2;0;-205;1;0;1;7;5;388;1;-1;0;1;0
30;3;2;0;0;112;1;0;1;7;5;245;1;-1;0;1;0
35;11;0;2;0;39;0;0;1;7;5;143;1;-1;0;1;0
55;7;0;2;0;1268;1;0;1;7;5;223;2;-1;0;1;0
33;0;0;2;0;44;1;1;1;7;5;231;1;-1;0;1;0
55;9;0;3;0;-90;1;1;1;7;5;634;2;-1;0;1;0
33;7;0;2;0;0;0;0;1;7;5;107;1;-1;0;1;0
40;7;0;2;1;-94;1;1;1;7;5;227;1;-1;0;1;0
39;7;0;2;1;-345;1;0;1;7;5;69;1;-1;0;1;0
49;7;0;2;0;90;1;0;1;7;5;127;1;-1;0;1;0
52;0;0;2;0;31;1;0;1;7;5;120;1;-1;0;1;0
27;3;2;0;0;134;1;1;1;7;5;68;3;-1;0;1;0
26;11;0;2;0;0;1;0;1;7;5;180;2;-1;0;1;0
47;7;0;2;1;-5;1;0;1;7;5;444;1;-1;0;1;0
31;11;2;2;0;-45;0;0;1;7;5;246;2;-1;0;1;0
53;7;2;2;0;156;1;1;1;7;5;259;4;-1;0;1;0
31;11;0;2;0;564;1;0;1;7;5;223;3;-1;0;1;0
35;11;0;2;0;528;0;0;1;7;5;274;2;-1;0;1;0
46;5;0;1;0;1481;1;0;1;7;5;49;3;-1;0;1;0
31;3;0;2;0;2019;0;0;1;7;5;380;2;-1;0;1;0
35;10;2;2;0;1855;1;0;1;7;5;138;1;-1;0;1;0
29;3;0;2;0;147;1;1;1;7;5;376;2;-1;0;1;0
51;10;0;2;0;220;1;0;1;7;5;421;2;-1;0;1;0
33;7;0;3;0;198;1;0;1;7;5;121;2;-1;0;1;0
37;3;0;0;0;115;0;0;1;7;5;36;1;-1;0;1;0
43;0;2;1;0;87;1;0;1;7;5;328;2;-1;0;1;0
42;10;0;0;0;644;1;0;1;7;5;19;1;-1;0;1;0
57;9;0;2;0;502;1;0;1;7;5;229;3;-1;0;1;0
38;11;0;2;0;-32;1;0;1;7;5;154;2;-1;0;1;0
39;7;0;3;0;106;1;0;1;7;5;56;1;-1;0;1;0
36;10;0;0;0;301;1;0;1;7;5;1581;2;-1;0;1;0
57;9;0;0;0;906;1;0;1;7;5;117;1;-1;0;1;0
44;3;0;1;0;187;1;0;1;7;5;185;1;-1;0;1;0
48;11;1;2;0;852;1;1;1;7;5;202;1;-1;0;1;0
43;0;0;2;0;71;0;0;1;7;5;180;5;-1;0;1;0
49;11;0;2;0;1496;1;0;1;7;5;218;4;-1;0;1;0
29;11;2;2;0;703;1;0;1;7;5;129;5;-1;0;1;0
53;7;0;2;0;732;1;0;1;7;5;530;2;-1;0;1;0
30;11;2;2;0;21;1;0;1;7;5;104;2;-1;0;1;0
41;3;1;2;0;276;1;0;1;7;5;60;1;-1;0;1;0
33;10;0;2;0;0;1;0;1;7;5;432;1;-1;0;1;0
47;7;0;3;0;550;1;0;1;7;5;113;1;-1;0;1;0
58;9;0;2;0;268;1;0;1;7;5;516;1;-1;0;1;0
31;2;0;2;0;-825;1;0;1;7;5;179;2;-1;0;1;0
38;0;2;2;0;137;1;1;1;7;5;125;2;-1;0;1;0
60;9;0;2;0;42;1;1;1;7;5;386;2;-1;0;1;0
33;3;2;0;0;54;0;0;1;7;5;262;2;-1;0;1;0
33;2;2;0;0;1716;1;0;1;7;5;396;2;-1;0;1;0
52;0;0;3;0;270;1;0;1;7;5;294;2;-1;0;1;0
42;7;0;3;0;803;1;0;1;7;5;171;2;-1;0;1;0
33;5;1;0;0;188;1;0;1;7;5;118;3;-1;0;1;0
46;0;1;2;0;207;1;0;1;7;5;485;4;-1;0;1;0
40;2;2;2;0;350;1;0;1;7;5;287;1;-1;0;1;0
50;0;0;2;0;159;1;0;1;7;5;216;2;-1;0;1;0
38;10;0;2;0;0;0;0;1;7;5;55;1;-1;0;1;0
36;0;2;3;0;91;1;0;1;7;5;371;2;-1;0;1;0
37;2;1;3;0;849;1;0;1;7;5;166;1;-1;0;1;0
33;3;0;0;0;436;1;0;1;7;5;48;1;-1;0;1;0
52;7;0;0;0;297;1;0;1;7;5;55;1;-1;0;1;0
29;7;0;2;0;313;1;1;1;7;5;144;1;-1;0;1;0
37;7;0;3;0;310;1;0;1;7;5;474;1;-1;0;1;0
43;7;0;3;0;61;1;0;1;7;5;261;1;-1;0;1;0
49;11;0;2;0;1377;1;0;1;7;5;1101;1;-1;0;1;0
33;10;2;2;0;56;0;0;1;7;5;236;2;-1;0;1;0
47;0;0;1;0;0;1;0;1;7;5;164;1;-1;0;1;0
50;10;0;2;0;73;0;0;1;7;5;93;1;-1;0;1;0
30;7;2;3;0;660;1;0;1;7;5;912;2;-1;0;1;0
44;11;0;3;0;-79;1;0;1;7;5;179;2;-1;0;1;0
44;7;1;2;0;558;1;0;1;7;5;485;1;-1;0;1;0
30;11;2;2;0;342;1;0;1;7;5;206;2;-1;0;1;0
40;7;0;1;0;-4;1;0;1;7;5;311;1;-1;0;1;0
41;7;0;1;0;225;1;0;1;7;5;690;2;-1;0;1;0
34;7;0;3;0;267;1;0;1;7;5;362;1;-1;0;1;0
53;11;0;3;0;46;1;0;1;7;5;274;1;-1;0;1;0
34;10;1;2;0;1107;1;1;1;7;5;345;1;-1;0;1;0
39;0;2;2;0;573;1;0;1;7;5;329;1;-1;0;1;0
39;3;2;0;0;406;1;0;1;7;5;68;1;-1;0;1;0
52;11;1;2;0;220;1;0;1;7;5;143;3;-1;0;1;0
34;7;0;2;0;2308;1;0;1;7;5;1062;1;-1;0;1;0
37;7;1;3;0;139;1;0;1;7;5;71;1;-1;0;1;0
39;0;0;2;0;367;1;0;1;7;5;106;1;-1;0;1;0
35;7;0;3;0;229;1;0;1;7;5;103;3;-1;0;1;0
36;5;0;0;0;1722;1;0;1;7;5;349;2;-1;0;1;0
48;10;0;2;0;-500;1;0;1;7;5;78;5;-1;0;1;0
31;0;1;2;0;308;1;0;1;7;5;194;1;-1;0;1;0
43;10;1;0;0;1026;1;1;1;7;5;224;5;-1;0;1;0
43;7;2;3;0;548;1;0;1;7;5;98;1;-1;0;1;0
39;7;0;2;0;356;1;1;1;7;5;607;1;-1;0;1;0
40;10;0;3;0;164;1;0;1;7;5;398;1;-1;0;1;0
58;3;0;0;0;211;0;0;1;7;5;103;2;-1;0;1;0
31;7;0;3;0;19;1;0;1;7;5;241;2;-1;0;1;0
41;7;0;2;0;108;1;1;1;7;5;203;1;-1;0;1;0
37;3;0;0;0;308;1;0;1;7;5;96;3;-1;0;1;0
44;11;1;2;0;7;1;1;1;7;5;238;3;-1;0;1;0
37;10;0;0;0;16;1;1;1;7;5;153;3;-1;0;1;0
39;7;0;3;0;867;1;0;1;7;5;481;1;-1;0;1;0
41;7;2;2;0;277;1;0;1;7;5;2177;4;-1;0;1;0
52;7;1;3;0;196;1;0;1;7;5;119;3;-1;0;1;0
29;7;2;3;0;365;1;1;1;7;5;245;2;-1;0;1;0
60;7;1;2;0;1310;0;0;1;7;5;152;2;-1;0;1;0
32;10;0;2;0;186;0;0;1;7;5;418;2;-1;0;1;0
56;7;0;3;0;862;1;1;1;7;5;198;2;-1;0;1;0
48;0;0;2;0;359;1;0;1;7;5;374;1;-1;0;1;0
29;7;0;3;0;190;0;0;1;7;5;51;1;-1;0;1;0
40;7;0;2;0;4;1;1;1;7;5;263;1;-1;0;1;0
42;0;1;2;0;0;1;0;1;7;5;229;2;-1;0;1;0
34;7;0;2;0;42;1;0;1;7;5;154;2;-1;0;1;0
23;3;2;0;0;2605;1;0;1;7;5;278;6;-1;0;1;0
51;3;0;3;0;98;1;0;1;7;5;114;2;-1;0;1;0
52;10;2;2;0;-181;1;0;1;7;5;94;2;-1;0;1;0
41;7;0;2;0;-15;1;0;1;7;5;169;2;-1;0;1;0
50;7;0;2;0;1557;1;0;1;7;5;263;6;-1;0;1;0
36;7;0;3;0;-20;1;0;1;7;5;353;3;-1;0;1;0
46;7;0;3;0;323;1;0;1;7;5;108;6;-1;0;1;0
44;7;0;3;0;-171;1;0;1;7;5;441;2;-1;0;1;0
47;7;0;2;0;438;1;0;1;7;5;46;3;-1;0;1;0
40;7;0;2;0;316;1;0;1;7;5;266;2;-1;0;1;0
46;7;0;2;0;442;1;0;1;7;5;105;2;-1;0;1;0
58;10;0;2;0;786;1;0;1;7;5;165;3;-1;0;1;0
30;10;1;0;0;-317;1;0;1;7;5;381;2;-1;0;1;0
29;11;2;2;0;-158;1;0;1;7;5;128;2;-1;0;1;0
44;5;0;3;0;58;1;0;1;7;5;113;3;-1;0;1;0
44;11;1;2;0;396;1;1;1;7;5;396;4;-1;0;1;0
59;7;0;3;0;10;1;0;1;7;5;133;3;-1;0;1;0
39;3;2;1;0;2887;1;0;1;7;5;42;2;-1;0;1;0
42;3;0;2;0;0;0;0;1;7;5;234;4;-1;0;1;0
31;0;0;2;0;89;0;0;1;7;5;297;3;-1;0;1;0
29;1;2;3;0;50;1;0;1;7;5;50;2;-1;0;1;0
39;7;2;2;0;29;1;0;1;7;5;214;2;-1;0;1;0
49;11;2;3;0;114;1;0;1;7;5;99;2;-1;0;1;0
39;4;0;2;0;365;1;0;1;7;5;274;4;-1;0;1;0
27;7;2;2;0;0;1;0;1;7;5;191;4;-1;0;1;0
56;3;0;3;0;-24;1;0;1;7;5;305;3;-1;0;1;0
43;10;0;0;0;743;1;0;1;7;5;134;2;-1;0;1;0
37;8;0;3;0;0;0;0;1;7;5;112;4;-1;0;1;0
54;10;2;2;0;99;1;0;1;7;5;283;3;-1;0;1;0
38;7;0;2;0;22;1;1;1;7;5;353;4;-1;0;1;0
31;7;0;3;0;251;1;0;1;7;5;212;2;-1;0;1;0
34;7;0;2;0;615;1;0;1;7;5;225;2;-1;0;1;0
35;0;0;3;0;136;1;0;1;7;5;283;1;-1;0;1;0
44;7;2;1;0;2167;1;0;1;7;5;1273;1;-1;0;1;0
30;7;0;2;0;309;1;0;1;7;5;1574;2;-1;0;1;1
51;10;0;2;0;221;1;0;1;7;5;139;3;-1;0;1;0
37;7;0;3;0;321;1;0;1;7;5;228;2;-1;0;1;0
39;7;0;0;0;-33;1;0;1;7;5;62;5;-1;0;1;0
33;3;2;0;0;76;1;0;1;7;5;256;3;-1;0;1;0
37;3;1;0;0;42;1;0;1;7;5;564;3;-1;0;1;0
46;7;2;2;0;76;1;0;1;7;5;245;2;-1;0;1;0
32;0;0;2;0;1293;1;0;1;7;5;161;2;-1;0;1;0
43;5;0;3;0;526;1;0;1;7;5;79;4;-1;0;1;0
59;4;1;1;0;873;1;0;1;7;5;152;3;-1;0;1;0
46;0;0;3;0;40;1;0;1;7;5;591;3;-1;0;1;0
47;7;0;3;0;117;1;0;1;7;5;113;2;-1;0;1;0
31;11;2;2;0;671;1;0;1;7;5;193;3;-1;0;1;0
30;7;0;3;0;145;1;0;1;7;5;299;2;-1;0;1;0
38;7;0;3;0;1807;0;0;1;7;5;348;3;-1;0;1;0
44;7;2;2;0;-212;1;1;1;7;5;103;4;-1;0;1;0
52;10;0;1;0;133;1;0;1;7;5;253;8;-1;0;1;0
29;11;2;2;0;566;0;0;1;7;5;127;2;-1;0;1;0
43;0;0;0;0;1924;1;0;1;7;5;244;7;-1;0;1;0
52;7;1;3;0;-57;1;0;1;7;5;114;3;-1;0;1;0
32;11;2;2;0;81;1;0;1;7;5;126;5;-1;0;1;0
40;0;2;2;0;-227;1;0;1;7;5;161;3;-1;0;1;0
57;10;1;2;0;2710;1;1;1;7;5;333;1;-1;0;1;0
30;11;1;2;0;98;1;0;1;7;5;155;1;-1;0;1;0
48;7;0;2;0;1230;1;1;1;7;5;152;3;-1;0;1;0
46;7;0;2;0;78;1;1;1;7;5;145;1;-1;0;1;0
59;9;1;3;0;137;1;1;1;7;5;66;3;-1;0;1;0
50;7;0;3;1;354;1;0;1;7;5;123;2;-1;0;1;0
50;7;1;3;0;149;1;0;1;7;5;74;1;-1;0;1;0
33;7;1;2;0;126;1;0;1;7;5;248;3;-1;0;1;0
39;10;2;1;0;0;1;0;1;7;5;130;1;-1;0;1;0
57;9;1;2;0;8266;1;0;1;7;5;71;1;-1;0;1;0
41;7;0;3;0;258;1;0;1;7;5;252;1;-1;0;1;0
43;10;0;3;0;117;1;0;1;7;5;84;2;-1;0;1;0
56;11;0;3;0;219;1;0;1;7;5;130;4;-1;0;1;0
46;10;0;2;0;1571;1;0;1;7;5;489;2;-1;0;1;0
42;7;0;3;0;223;1;0;1;7;5;41;3;-1;0;1;0
36;7;0;3;0;-79;0;0;1;7;5;159;3;-1;0;1;0
29;11;0;3;0;321;1;0;1;7;5;196;2;-1;0;1;0
43;0;2;2;0;2527;1;0;1;7;5;276;4;-1;0;1;0
38;7;2;3;0;20;1;0;1;7;5;81;2;-1;0;1;0
46;7;0;2;0;1045;1;1;1;7;5;149;1;-1;0;1;0
44;7;0;2;0;1;1;0;1;7;5;281;2;-1;0;1;0
28;3;0;0;0;3;1;0;1;7;5;122;5;-1;0;1;0
28;7;0;3;0;-55;1;0;1;7;5;361;2;-1;0;1;0
36;10;1;2;0;141;1;0;1;7;5;319;3;-1;0;1;0
37;7;0;2;0;374;1;0;1;7;5;944;3;-1;0;1;0
56;3;0;3;0;93;1;0;1;7;5;282;2;-1;0;1;0
46;7;2;0;0;460;1;0;1;7;5;1102;2;-1;0;1;1
34;11;1;2;0;78;1;0;1;7;5;35;3;-1;0;1;0
32;5;0;2;0;135;1;0;1;7;5;143;2;-1;0;1;0
33;10;0;2;0;367;1;1;1;7;5;22;2;-1;0;1;0
36;11;2;2;0;248;1;0;1;7;5;90;2;-1;0;1;0
35;11;0;2;0;630;1;0;1;7;5;17;2;-1;0;1;0
44;0;2;2;0;-30;1;0;1;7;5;404;5;-1;0;1;0
37;10;0;2;0;157;1;0;1;7;5;238;2;-1;0;1;0
48;0;1;2;0;268;1;0;1;7;5;71;4;-1;0;1;0
38;7;0;2;0;164;1;0;1;7;5;309;2;-1;0;1;0
44;10;0;2;0;-97;1;0;1;7;5;408;3;-1;0;1;0
31;0;1;2;0;53;1;0;1;7;5;128;4;-1;0;1;0
35;3;1;0;0;788;1;0;1;7;5;297;3;-1;0;1;0
54;10;1;2;0;1904;1;1;1;7;5;280;3;-1;0;1;0
28;0;2;2;0;260;1;0;1;7;5;374;2;-1;0;1;0
38;2;0;3;0;447;1;0;1;7;5;365;4;-1;0;1;0
48;10;0;2;0;720;1;0;1;8;5;177;3;-1;0;1;0
31;7;0;0;0;2827;1;0;1;8;5;238;3;-1;0;1;0
29;0;2;2;0;1117;1;0;1;8;5;77;2;-1;0;1;0
28;7;0;2;0;597;1;0;1;8;5;223;2;-1;0;1;0
50;7;0;3;0;362;1;0;1;8;5;201;2;-1;0;1;0
31;8;2;0;0;120;1;0;1;8;5;239;2;-1;0;1;0
32;0;2;2;0;89;1;1;1;8;5;308;3;-1;0;1;0
30;11;0;2;0;442;1;0;1;8;5;137;2;-1;0;1;0
32;3;2;0;0;111;1;0;1;8;5;162;2;-1;0;1;0
29;10;2;2;0;247;1;0;1;8;5;134;1;-1;0;1;0
30;0;1;2;0;1;1;0;1;8;5;175;5;-1;0;1;0
34;3;0;3;0;6;1;0;1;8;5;125;3;-1;0;1;0
34;7;2;2;1;-947;1;0;1;8;5;211;3;-1;0;1;0
41;7;0;3;0;191;1;0;1;8;5;67;1;-1;0;1;0
36;7;0;2;0;-147;1;0;1;8;5;156;1;-1;0;1;0
31;10;2;0;0;703;1;0;1;8;5;943;2;-1;0;1;1
39;7;0;3;0;70;0;0;1;8;5;813;1;-1;0;1;1
36;10;0;2;0;83;1;0;1;8;5;178;1;-1;0;1;0
39;7;0;2;0;125;1;0;1;8;5;142;1;-1;0;1;0
52;7;0;2;0;46;1;0;1;8;5;132;1;-1;0;1;0
25;3;2;0;0;1348;1;0;1;8;5;109;1;-1;0;1;0
42;10;0;2;0;420;1;0;1;8;5;94;1;-1;0;1;0
27;11;1;2;0;96;1;0;1;8;5;31;1;-1;0;1;0
42;7;0;3;0;271;1;0;1;8;5;84;4;-1;0;1;0
29;0;1;2;0;1320;1;1;1;8;5;489;1;-1;0;1;0
38;7;0;3;0;54;1;0;1;8;5;180;1;-1;0;1;0
35;8;0;3;0;1094;1;0;1;8;5;207;1;-1;0;1;0
41;3;0;0;0;141;1;1;1;8;5;146;3;-1;0;1;0
57;9;0;3;0;207;1;0;1;8;5;193;1;-1;0;1;0
56;3;1;0;0;177;1;0;1;8;5;1040;1;-1;0;1;0
33;7;1;3;0;176;1;0;1;8;5;622;1;-1;0;1;0
41;5;1;0;0;-413;1;0;1;8;5;170;2;-1;0;1;0
33;7;0;3;0;-81;1;0;1;8;5;267;1;-1;0;1;0
35;3;1;0;0;3837;1;0;1;8;5;1084;1;-1;0;1;1
43;3;0;0;0;870;1;1;1;8;5;528;1;-1;0;1;0
36;0;2;2;0;206;1;0;1;8;5;183;1;-1;0;1;0
37;10;0;2;0;316;1;0;1;8;5;238;1;-1;0;1;0
51;3;0;3;1;57;1;1;1;8;5;61;1;-1;0;1;0
28;4;1;3;0;1;1;0;1;8;5;923;1;-1;0;1;0
43;7;0;2;1;-7;0;0;1;8;5;70;1;-1;0;1;0
32;7;2;3;0;611;1;0;1;8;5;541;3;-1;0;1;1
36;5;2;2;0;157;1;0;1;8;5;41;1;-1;0;1;0
33;2;2;2;0;233;1;0;1;8;5;221;4;-1;0;1;0
39;0;0;2;0;419;1;1;1;8;5;35;1;-1;0;1;0
28;7;0;2;0;134;1;0;1;8;5;262;1;-1;0;1;0
26;10;2;2;0;2087;0;0;1;8;5;151;1;-1;0;1;0
40;10;0;0;0;103;1;0;1;8;5;135;2;-1;0;1;0
44;4;0;2;0;281;1;0;1;8;5;604;1;-1;0;1;0
47;7;0;3;0;1865;1;0;1;8;5;380;3;-1;0;1;0
55;7;2;0;0;325;1;0;1;8;5;693;1;-1;0;1;0
48;7;1;3;0;-18;1;0;1;8;5;11;1;-1;0;1;0
36;7;2;3;0;49;1;0;1;8;5;405;1;-1;0;1;0
31;3;2;0;0;7444;1;1;1;8;5;20;1;-1;0;1;0
30;3;2;0;0;59;1;1;1;8;5;202;1;-1;0;1;0
46;7;0;3;0;45;1;0;1;8;5;235;1;-1;0;1;0
30;0;2;2;0;387;1;0;1;8;5;75;1;-1;0;1;0
32;7;2;2;0;5;1;1;1;8;5;134;1;-1;0;1;0
48;7;2;1;0;71;1;0;1;8;5;101;2;-1;0;1;0
48;0;2;2;0;96;1;0;1;8;5;255;1;-1;0;1;0
36;11;2;0;0;72;1;0;1;8;5;80;1;-1;0;1;0
41;0;2;2;0;1715;1;0;1;8;5;462;1;-1;0;1;0
49;0;2;3;0;181;1;0;1;8;5;161;3;-1;0;1;0
26;7;0;2;1;20;1;0;1;8;5;200;1;-1;0;1;0
38;3;0;2;0;65;1;0;1;8;5;56;1;-1;0;1;0
27;6;2;2;0;81;1;0;1;8;5;238;1;-1;0;1;0
51;9;0;2;0;226;1;1;1;8;5;418;1;-1;0;1;0
33;0;1;2;0;1128;1;0;1;8;5;139;2;-1;0;1;0
53;2;0;2;0;582;1;0;1;8;5;96;2;-1;0;1;0
36;10;0;2;0;5611;1;0;1;8;5;39;1;-1;0;1;0
48;10;1;2;0;177;1;0;1;8;5;471;1;-1;0;1;0
27;0;2;2;0;181;1;0;1;8;5;231;2;-1;0;1;0
42;10;0;2;0;0;1;0;1;8;5;66;2;-1;0;1;0
61;7;0;3;0;734;1;0;1;8;5;204;1;-1;0;1;0
31;8;0;0;0;322;1;0;1;8;5;159;1;-1;0;1;0
37;7;2;2;0;134;1;0;1;8;5;200;1;-1;0;1;0
34;5;0;0;0;10350;1;0;1;8;5;187;3;-1;0;1;0
55;10;0;1;0;84;1;0;1;8;5;166;1;-1;0;1;0
24;11;0;2;0;620;1;0;1;8;5;144;1;-1;0;1;0
41;10;0;1;0;254;1;0;1;8;5;690;1;-1;0;1;0
34;7;2;3;0;0;1;0;1;8;5;323;1;-1;0;1;0
29;7;0;2;0;5903;1;0;1;8;5;194;1;-1;0;1;0
42;7;2;3;0;134;1;1;1;8;5;82;1;-1;0;1;0
45;11;0;2;0;1381;1;0;1;8;5;269;1;-1;0;1;0
49;3;0;2;0;104;1;0;1;8;5;285;1;-1;0;1;0
26;7;2;3;0;318;1;0;1;8;5;101;1;-1;0;1;0
35;10;2;2;0;2151;1;0;1;8;5;294;1;-1;0;1;0
49;11;0;2;0;-8;1;0;1;8;5;1119;1;-1;0;1;1
44;7;0;3;0;185;1;0;1;8;5;249;1;-1;0;1;0
41;3;0;0;0;1773;0;0;1;8;5;106;1;-1;0;1;0
50;7;0;3;0;40;1;0;1;8;5;152;1;-1;0;1;0
58;9;0;0;0;44;1;0;1;8;5;12;2;-1;0;1;0
43;7;0;2;0;0;1;0;1;8;5;187;1;-1;0;1;0
57;0;1;2;0;3058;1;0;1;8;5;268;1;-1;0;1;0
43;11;1;2;0;130;1;0;1;8;5;193;1;-1;0;1;0
38;11;0;2;0;507;1;0;1;8;5;95;1;-1;0;1;0
35;8;0;0;0;844;1;0;1;8;5;60;1;-1;0;1;0
49;0;0;3;0;458;1;0;1;8;5;381;1;-1;0;1;0
33;7;0;3;1;-744;1;0;1;8;5;206;1;-1;0;1;0
60;9;0;3;0;-2;1;0;1;8;5;75;1;-1;0;1;0
33;10;2;0;0;129;1;0;1;8;5;128;1;-1;0;1;0
47;3;0;0;0;643;1;0;1;8;5;155;1;-1;0;1;0
34;7;0;2;0;80;1;1;1;8;5;494;1;-1;0;1;0
32;10;2;2;0;10;1;0;1;8;5;107;1;-1;0;1;0
36;0;0;2;0;114;1;1;1;8;5;147;1;-1;0;1;0
40;7;2;2;0;1;1;0;1;8;5;190;1;-1;0;1;0
48;7;0;3;0;4;1;0;1;8;5;198;1;-1;0;1;0
30;3;2;0;0;5956;1;0;1;8;5;255;1;-1;0;1;0
41;0;0;2;0;55;1;0;1;8;5;1120;2;-1;0;1;1
30;8;0;2;0;131;1;0;1;8;5;306;1;-1;0;1;0
35;3;0;0;0;1942;1;0;1;8;5;249;1;-1;0;1;0
36;5;0;1;0;298;1;0;1;8;5;215;1;-1;0;1;0
52;10;0;2;0;291;0;0;1;8;5;143;1;-1;0;1;0
45;7;0;3;0;85;1;0;1;8;5;162;1;-1;0;1;0
35;3;2;0;0;797;1;0;1;8;5;81;1;-1;0;1;0
46;7;2;2;0;152;1;0;1;8;5;33;4;-1;0;1;0
39;7;0;3;0;481;1;0;1;8;5;204;1;-1;0;1;0
38;3;0;0;0;66;1;0;1;8;5;124;1;-1;0;1;0
38;7;0;2;0;4586;1;0;1;8;5;784;1;-1;0;1;0
31;10;2;0;0;1798;1;0;1;8;5;393;1;-1;0;1;0
39;3;2;0;0;220;1;0;1;8;5;87;2;-1;0;1;0
32;7;0;2;0;715;1;0;1;8;5;108;2;-1;0;1;0
32;11;0;2;0;442;1;0;1;8;5;207;1;-1;0;1;0
26;6;2;2;0;85;1;0;1;8;5;278;2;-1;0;1;0
35;10;0;2;0;319;1;0;1;8;5;74;1;-1;0;1;0
26;7;2;2;0;-29;1;0;1;8;5;196;1;-1;0;1;0
33;0;2;2;0;303;0;0;1;8;5;149;1;-1;0;1;0
41;1;2;3;0;2398;1;0;1;8;5;287;2;-1;0;1;0
30;5;0;2;0;31;0;0;1;8;5;229;1;-1;0;1;0
36;10;2;2;0;1832;1;0;1;8;5;154;1;-1;0;1;0
46;11;0;2;0;2019;1;0;1;8;5;357;1;-1;0;1;0
30;7;0;3;0;3;1;0;1;8;5;147;1;-1;0;1;0
46;11;0;2;0;397;0;0;1;8;5;93;1;-1;0;1;0
24;10;2;0;0;777;1;0;1;8;5;131;1;-1;0;1;0
41;3;1;0;0;47;1;0;1;8;5;160;1;-1;0;1;0
28;10;0;3;0;-58;1;0;1;8;5;74;1;-1;0;1;0
55;2;2;0;0;1513;1;0;1;8;5;60;1;-1;0;1;0
40;3;0;0;0;121;0;0;1;8;5;82;1;-1;0;1;0
38;3;1;0;0;904;1;0;1;8;5;475;1;-1;0;1;0
40;10;0;2;0;697;1;0;1;8;5;111;1;-1;0;1;0
54;11;0;2;0;841;1;0;1;8;5;284;4;-1;0;1;0
49;4;0;2;0;7317;1;0;1;8;5;140;1;-1;0;1;0
44;7;0;2;0;-95;1;0;1;8;5;110;1;-1;0;1;0
36;7;0;3;0;250;1;0;1;8;5;149;1;-1;0;1;0
35;10;2;2;0;365;1;0;1;8;5;256;2;-1;0;1;0
31;3;2;0;0;1315;1;0;1;8;5;156;1;-1;0;1;0
34;10;0;2;0;65;1;0;1;8;5;63;3;-1;0;1;0
44;0;2;2;0;-84;1;0;1;8;5;32;3;-1;0;1;0
44;7;2;2;0;36;1;0;1;8;5;712;1;-1;0;1;0
51;7;0;1;0;125;1;0;1;8;5;102;2;-1;0;1;0
36;7;0;2;0;0;0;0;1;8;5;338;2;-1;0;1;0
37;7;0;2;0;105;1;0;1;8;5;69;2;-1;0;1;0
31;11;0;2;0;432;1;0;1;8;5;446;1;-1;0;1;0
42;7;0;3;0;555;1;0;1;8;5;249;2;-1;0;1;0
55;5;0;3;0;-24;1;0;1;8;5;176;1;-1;0;1;0
57;3;0;0;0;2261;1;0;1;8;5;1007;1;-1;0;1;0
44;7;0;2;1;-617;1;0;1;8;5;172;1;-1;0;1;0
30;10;0;2;0;-1;1;0;1;8;5;323;1;-1;0;1;0
37;11;0;2;0;237;1;0;1;8;5;175;1;-1;0;1;0
32;0;0;2;0;514;1;0;1;8;5;459;1;-1;0;1;0
33;7;0;2;0;1988;1;0;1;8;5;211;2;-1;0;1;0
31;10;2;0;0;491;1;0;1;8;5;237;1;-1;0;1;0
46;10;0;0;0;675;1;0;1;8;5;50;1;-1;0;1;0
34;7;2;2;0;177;1;0;1;8;5;500;1;-1;0;1;0
52;3;2;0;1;0;0;0;1;8;5;98;1;-1;0;1;0
43;10;0;0;0;2331;1;0;1;8;5;364;4;-1;0;1;0
27;6;2;2;0;217;1;0;1;8;5;319;1;-1;0;1;0
43;7;0;3;0;186;1;0;1;8;5;178;1;-1;0;1;0
49;0;1;2;0;168;1;1;1;8;5;513;1;-1;0;1;1
50;11;1;2;0;145;1;0;1;8;5;170;1;-1;0;1;0
33;0;1;2;0;140;1;0;1;8;5;139;1;-1;0;1;0
49;11;0;2;0;-22;1;0;1;8;5;70;1;-1;0;1;0
50;10;0;2;0;389;1;0;1;8;5;110;1;-1;0;1;0
28;11;0;2;0;6;1;0;1;8;5;667;1;-1;0;1;0
41;10;0;2;0;225;1;1;1;8;5;63;2;-1;0;1;0
34;11;0;2;0;142;1;0;1;8;5;159;4;-1;0;1;0
58;7;0;3;0;5;0;0;1;8;5;177;2;-1;0;1;0
46;7;0;3;0;174;1;1;1;8;5;108;3;-1;0;1;0
46;7;0;3;0;-768;1;0;1;8;5;194;3;-1;0;1;0
42;7;0;2;0;30;0;0;1;8;5;366;2;-1;0;1;0
40;7;0;3;0;968;1;1;1;8;5;213;1;-1;0;1;0
33;5;0;2;0;0;1;1;1;8;5;982;1;-1;0;1;0
27;11;0;3;0;91;1;0;1;8;5;168;2;-1;0;1;0
43;7;0;3;0;-77;1;0;1;8;5;468;1;-1;0;1;0
28;7;0;1;0;486;1;0;1;8;5;180;1;-1;0;1;0
34;7;2;2;0;341;1;0;1;8;5;195;1;-1;0;1;0
37;11;0;2;0;50;1;0;1;8;5;352;3;-1;0;1;0
41;11;0;2;0;205;1;0;1;8;5;91;1;-1;0;1;0
39;0;2;2;0;762;1;0;1;8;5;288;1;-1;0;1;0
37;10;2;0;0;31;1;0;1;8;5;72;1;-1;0;1;0
41;2;0;3;1;-581;1;0;1;8;5;218;2;-1;0;1;0
36;11;2;2;0;-45;1;0;1;8;5;289;1;-1;0;1;0
51;7;0;3;0;0;0;0;1;8;5;384;1;-1;0;1;0
28;8;0;0;0;120;1;1;1;8;5;130;3;-1;0;1;0
31;7;0;2;0;335;1;0;1;8;5;226;1;-1;0;1;0
33;11;0;2;0;-232;1;0;1;8;5;208;1;-1;0;1;0
28;0;1;2;0;785;1;0;1;8;5;442;2;-1;0;1;1
31;11;0;2;0;28;1;0;1;8;5;101;1;-1;0;1;0
43;3;2;0;0;2067;1;0;1;8;5;756;1;-1;0;1;1
48;7;0;3;0;448;1;0;1;8;5;189;1;-1;0;1;0
26;6;2;0;0;37;1;0;1;8;5;108;1;-1;0;1;0
34;10;2;0;0;301;1;0;1;8;5;205;1;-1;0;1;0
38;7;0;3;0;668;0;0;1;8;5;238;1;-1;0;1;0
51;0;1;2;0;115;1;1;1;8;5;136;1;-1;0;1;0
49;0;2;2;0;275;0;0;1;8;5;14;1;-1;0;1;0
60;9;0;3;0;414;0;0;1;8;5;395;1;-1;0;1;0
32;3;2;0;0;3;1;0;1;8;5;161;1;-1;0;1;0
36;0;1;2;0;496;0;0;1;8;5;269;3;-1;0;1;0
28;3;2;0;0;150;1;0;1;8;5;491;1;-1;0;1;0
34;3;2;0;0;163;0;0;1;8;5;44;1;-1;0;1;0
40;0;2;2;0;1322;1;0;1;8;5;26;1;-1;0;1;0
33;4;0;3;0;1713;1;0;1;8;5;22;1;-1;0;1;0
37;0;0;3;0;242;1;0;1;8;5;161;8;-1;0;1;0
40;3;0;0;0;-29;0;0;1;8;5;406;2;-1;0;1;0
59;9;1;0;0;381;1;0;1;8;5;422;4;-1;0;1;0
39;7;2;2;0;82;1;0;1;8;5;147;5;-1;0;1;0
28;3;2;0;0;21;1;0;1;8;5;219;3;-1;0;1;0
30;11;0;2;0;1801;1;0;1;8;5;807;2;-1;0;1;0
40;7;0;3;0;640;1;1;1;8;5;347;2;-1;0;1;0
28;7;0;3;0;113;1;0;1;8;5;534;2;-1;0;1;0
39;7;0;2;0;1042;1;0;1;8;5;58;2;-1;0;1;0
44;11;1;2;0;240;1;0;1;8;5;155;2;-1;0;1;0
39;11;2;2;0;-244;1;0;1;8;5;152;2;-1;0;1;0
30;7;0;3;0;70;1;1;1;8;5;461;3;-1;0;1;0
31;3;0;0;0;59;1;0;1;8;5;314;3;-1;0;1;0
47;3;0;3;0;1222;1;0;1;8;5;28;3;-1;0;1;0
26;6;2;1;0;-41;1;0;1;8;5;229;2;-1;0;1;0
25;7;2;2;0;0;1;0;1;8;5;30;2;-1;0;1;0
42;3;0;0;0;6;1;0;1;8;5;103;4;-1;0;1;0
30;7;0;3;0;4;1;0;1;8;5;32;2;-1;0;1;0
28;11;0;2;0;20;1;1;1;8;5;252;2;-1;0;1;0
46;0;1;0;0;846;1;0;1;8;5;369;2;-1;0;1;0
43;7;1;2;0;338;1;0;1;8;5;116;1;-1;0;1;0
38;10;0;1;0;90;1;1;1;8;5;20;2;-1;0;1;0
31;7;0;3;0;406;1;0;1;8;5;31;1;-1;0;1;0
29;11;2;2;0;2;0;0;1;8;5;190;1;-1;0;1;0
40;7;0;3;0;87;1;0;1;8;5;210;1;-1;0;1;0
30;10;2;0;0;178;1;0;1;8;5;234;1;-1;0;1;0
44;10;0;1;0;185;1;1;1;8;5;63;1;-1;0;1;0
38;7;0;2;0;-210;1;0;1;8;5;21;1;-1;0;1;0
32;7;0;2;0;1;1;0;1;8;5;102;1;-1;0;1;0
33;3;0;2;1;879;1;0;1;8;5;245;1;-1;0;1;0
32;7;0;2;0;214;1;0;1;8;5;190;1;-1;0;1;0
40;10;0;1;0;698;1;0;1;8;5;223;2;-1;0;1;0
34;3;0;0;0;1601;1;0;1;8;5;650;2;-1;0;1;0
30;7;0;2;0;717;1;0;1;8;5;42;1;-1;0;1;0
53;7;1;3;0;255;1;0;1;8;5;206;2;-1;0;1;0
39;3;2;0;0;375;1;0;1;8;5;66;2;-1;0;1;0
46;7;0;3;0;587;1;0;1;8;5;173;2;-1;0;1;0
32;3;0;0;0;644;1;1;1;8;5;477;2;-1;0;1;0
60;10;0;1;0;0;1;0;1;8;5;77;1;-1;0;1;0
40;3;2;0;0;-275;1;0;1;8;5;219;2;-1;0;1;0
47;7;0;2;0;116;1;0;1;8;5;376;2;-1;0;1;0
25;5;0;0;0;37;1;1;1;8;5;453;2;-1;0;1;0
44;7;0;3;0;753;1;0;1;8;5;151;2;-1;0;1;0
38;7;2;3;0;162;1;0;1;8;5;200;2;-1;0;1;0
45;0;1;2;0;984;1;0;1;8;5;298;5;-1;0;1;0
34;7;0;2;0;199;1;0;1;8;5;627;3;-1;0;1;0
36;11;1;2;0;241;1;0;1;8;5;133;1;-1;0;1;0
35;7;2;2;0;907;1;1;1;8;5;242;1;-1;0;1;0
39;2;1;2;0;6322;0;0;1;8;5;184;1;-1;0;1;0
46;7;0;2;0;125;1;1;1;8;5;119;2;-1;0;1;0
36;8;0;3;0;90;1;0;1;8;5;403;2;-1;0;1;0
22;10;2;2;0;54;1;1;1;8;5;626;6;-1;0;1;0
26;7;2;2;0;-132;0;0;1;8;5;12;1;-1;0;1;0
48;0;1;2;0;267;0;0;1;8;5;266;1;-1;0;1;0
32;7;0;3;0;289;1;0;1;8;5;23;4;-1;0;1;0
58;8;1;2;0;613;1;0;1;8;5;154;2;-1;0;1;0
57;5;0;1;0;618;1;0;1;8;5;10;7;-1;0;1;0
53;3;0;0;0;1786;1;0;1;8;5;66;2;-1;0;1;0
29;3;1;0;0;607;1;1;1;8;5;240;3;-1;0;1;0
32;11;2;2;0;459;1;0;1;8;5;202;2;-1;0;1;0
50;7;1;3;0;134;0;0;1;8;5;263;2;-1;0;1;0
43;7;0;3;0;34;1;0;1;8;5;543;3;-1;0;1;0
27;7;0;0;0;417;1;1;1;8;5;237;2;-1;0;1;0
35;7;0;2;0;25;1;0;1;8;5;23;5;-1;0;1;0
45;11;0;2;0;22;1;0;1;8;5;209;3;-1;0;1;0
35;7;2;3;0;398;1;0;1;8;5;34;1;-1;0;1;0
49;7;2;3;0;1164;1;0;1;8;5;72;1;-1;0;1;0
34;3;0;2;0;487;1;0;1;8;5;442;2;-1;0;1;0
43;7;0;3;0;-192;1;0;1;8;5;1120;2;-1;0;1;1
42;9;0;3;0;0;1;0;1;8;5;186;2;-1;0;1;0
55;7;0;3;0;332;1;0;1;8;5;318;2;-1;0;1;0
37;7;0;2;0;121;1;0;1;8;5;617;2;-1;0;1;0
31;7;0;3;0;68;1;0;1;8;5;226;1;-1;0;1;0
57;7;1;3;0;-176;1;0;1;8;5;275;1;-1;0;1;0
33;7;0;2;0;527;1;1;1;8;5;81;2;-1;0;1;0
43;11;2;1;0;193;1;0;1;8;5;74;7;-1;0;1;0
60;7;1;3;0;7601;1;0;1;8;5;285;1;-1;0;1;0
51;3;0;0;0;751;0;0;1;8;5;261;5;-1;0;1;0
38;7;2;1;0;495;1;0;1;8;5;297;1;-1;0;1;0
37;10;2;2;0;670;1;0;1;8;5;78;3;-1;0;1;0
41;7;2;2;0;363;1;0;1;8;5;183;3;-1;0;1;0
42;7;0;2;0;376;1;0;1;8;5;15;1;-1;0;1;0
41;3;1;0;0;292;1;0;1;8;5;352;2;-1;0;1;0
33;10;0;1;0;0;0;0;1;8;5;345;2;-1;0;1;0
32;0;2;2;0;184;1;0;1;8;5;230;4;-1;0;1;0
30;11;0;2;0;80;1;0;1;8;5;185;2;-1;0;1;0
43;10;0;2;0;1824;1;0;1;8;5;296;1;-1;0;1;0
30;7;0;2;0;2850;0;0;1;8;5;181;2;-1;0;1;0
34;3;0;0;0;76;0;0;1;8;5;335;9;-1;0;1;0
42;10;0;2;0;0;0;1;1;8;5;7;3;-1;0;1;0
35;10;2;2;0;433;1;0;1;8;5;163;2;-1;0;1;0
50;7;0;3;0;1164;1;0;1;8;5;166;2;-1;0;1;0
34;7;0;2;0;129;1;0;1;8;5;71;2;-1;0;1;0
38;11;1;2;0;5873;0;0;1;8;5;191;2;-1;0;1;0
28;7;0;2;0;0;1;0;1;8;5;459;2;-1;0;1;0
55;7;0;3;0;82;1;0;1;8;5;292;2;-1;0;1;0
38;7;0;3;0;362;1;0;1;8;5;100;5;-1;0;1;0
31;7;0;2;0;186;1;0;1;8;5;257;3;-1;0;1;0
57;0;0;2;0;1216;1;0;1;8;5;255;6;-1;0;1;0
50;3;1;0;0;704;1;0;1;8;5;233;2;-1;0;1;0
47;7;0;3;0;205;1;0;1;8;5;128;2;-1;0;1;0
39;7;0;3;0;830;1;0;1;8;5;246;2;-1;0;1;0
41;10;0;2;0;64;1;1;1;8;5;210;2;-1;0;1;0
59;5;0;0;0;-820;0;0;1;8;5;43;2;-1;0;1;0
35;8;2;0;0;538;1;1;1;8;5;21;9;-1;0;1;0
31;10;2;0;0;948;1;0;1;8;5;91;2;-1;0;1;0
55;3;0;0;0;1288;1;0;1;8;5;67;2;-1;0;1;0
41;3;0;0;0;393;1;0;1;8;5;110;2;-1;0;1;0
44;10;2;2;0;365;1;0;1;8;5;169;2;-1;0;1;0
40;7;2;2;0;879;1;1;1;8;5;248;3;-1;0;1;0
32;7;0;2;0;491;1;0;1;8;5;223;2;-1;0;1;0
38;3;2;0;0;0;1;0;1;8;5;92;3;-1;0;1;0
27;6;2;2;0;0;0;0;1;8;5;93;2;-1;0;1;0
33;2;0;2;0;229;1;0;1;8;5;205;4;-1;0;1;0
37;11;0;2;0;22;1;1;1;8;5;160;1;-1;0;1;0
40;3;0;0;0;570;1;0;1;8;5;105;2;-1;0;1;0
33;7;2;2;0;56;1;0;1;8;5;112;2;-1;0;1;0
40;0;2;2;0;118;1;0;1;8;5;383;3;-1;0;1;0
27;7;0;2;0;106;1;0;1;8;5;207;2;-1;0;1;0
42;3;2;0;0;1768;1;0;1;8;5;193;2;-1;0;1;0
41;7;0;2;0;213;1;0;1;8;5;10;2;-1;0;1;0
37;2;2;2;0;381;1;0;1;8;5;985;2;-1;0;1;1
44;7;0;2;0;373;1;0;1;8;5;122;2;-1;0;1;0
31;7;0;3;0;50;1;0;1;8;5;300;2;-1;0;1;0
46;7;0;3;0;0;1;1;1;8;5;390;3;-1;0;1;0
33;0;0;2;0;61;1;1;1;8;5;116;2;-1;0;1;0
36;7;0;2;0;504;1;0;1;8;5;481;2;-1;0;1;0
32;2;2;2;0;177;1;0;1;8;5;21;3;-1;0;1;0
27;10;2;2;0;584;1;0;1;8;5;192;2;-1;0;1;0
31;11;0;3;0;-732;1;0;1;8;5;6;2;-1;0;1;0
41;3;2;0;0;572;1;0;1;8;5;8;2;-1;0;1;0
35;7;0;3;0;105;1;0;1;8;5;369;2;-1;0;1;0
50;10;2;0;0;0;1;0;1;8;5;393;2;-1;0;1;0
33;10;0;2;0;832;1;1;1;8;5;246;3;-1;0;1;0
48;7;0;3;0;2642;1;0;1;8;5;330;3;-1;0;1;0
36;10;0;2;0;195;1;0;1;8;5;380;2;-1;0;1;0
29;4;2;2;0;718;1;0;1;8;5;91;3;-1;0;1;0
34;3;0;0;0;336;1;1;1;8;5;84;2;-1;0;1;0
39;7;0;3;0;332;1;0;1;8;5;277;3;-1;0;1;0
59;9;1;3;0;-138;1;1;1;8;5;89;4;-1;0;1;0
50;7;0;3;0;749;0;0;1;8;5;297;2;-1;0;1;0
37;0;0;2;0;14;1;0;1;8;5;176;2;-1;0;1;0
33;2;2;2;0;177;0;0;1;8;5;75;4;-1;0;1;0
52;7;0;2;0;557;0;0;1;8;5;111;3;-1;0;1;0
43;7;0;3;0;126;1;0;1;8;5;170;2;-1;0;1;0
53;7;0;2;0;359;0;1;1;8;5;238;8;-1;0;1;0
37;7;0;3;0;496;1;0;1;8;5;137;2;-1;0;1;0
53;7;0;2;0;175;1;0;1;8;5;49;4;-1;0;1;0
47;7;0;3;0;430;0;0;1;8;5;89;8;-1;0;1;0
48;10;1;0;0;574;1;0;1;8;5;341;2;-1;0;1;0
42;8;0;2;0;106;1;0;1;8;5;515;3;-1;0;1;0
43;3;1;0;0;0;1;0;1;8;5;123;2;-1;0;1;0
40;11;2;2;0;23;1;0;1;8;5;179;5;-1;0;1;0
39;3;0;0;0;429;1;0;1;8;5;272;4;-1;0;1;0
32;7;1;3;0;88;1;0;1;8;5;17;3;-1;0;1;0
44;3;1;0;0;3932;1;0;1;8;5;40;2;-1;0;1;0
43;10;1;2;0;177;1;0;1;8;5;209;3;-1;0;1;0
53;8;0;2;0;468;1;0;1;8;5;89;5;-1;0;1;0
41;11;0;2;0;639;1;0;1;8;5;1187;2;-1;0;1;0
53;3;0;0;0;2124;1;0;1;8;5;123;2;-1;0;1;0
31;2;0;3;0;309;1;0;1;8;5;104;3;-1;0;1;0
51;7;0;3;0;202;1;0;1;8;5;200;2;-1;0;1;0
32;7;0;2;0;20;1;1;1;8;5;117;3;-1;0;1;0
52;7;0;2;0;-17;1;0;1;8;5;37;3;-1;0;1;0
41;3;0;3;0;-417;1;0;1;8;5;51;3;-1;0;1;0
30;3;2;0;0;528;1;0;1;8;5;145;4;-1;0;1;0
32;3;2;0;0;394;1;0;1;8;5;466;2;-1;0;1;0
31;7;0;3;0;856;1;0;1;8;5;303;3;-1;0;1;0
38;7;0;2;0;468;1;0;1;8;5;101;2;-1;0;1;0
44;7;0;2;0;138;1;0;1;8;5;283;3;-1;0;1;0
36;7;0;2;0;406;1;0;1;8;5;826;3;-1;0;1;0
34;0;0;0;0;221;1;0;1;8;5;185;4;-1;0;1;0
40;0;0;2;0;523;1;1;1;8;5;598;3;-1;0;1;0
41;7;0;3;0;-52;1;0;1;8;5;120;5;-1;0;1;0
56;10;1;2;0;397;1;0;1;8;5;185;7;-1;0;1;0
39;7;0;3;0;-432;1;0;1;8;5;159;3;-1;0;1;0
34;7;0;3;0;298;1;0;1;8;5;220;2;-1;0;1;0
41;7;2;2;0;1080;1;1;1;8;5;192;4;-1;0;1;0
39;3;2;0;0;-85;1;0;1;8;5;423;2;-1;0;1;0
33;0;0;2;0;4012;0;1;1;8;5;337;4;-1;0;1;0
52;3;1;2;0;123;0;0;1;8;5;306;2;-1;0;1;0
26;3;2;0;0;498;1;0;1;8;5;99;3;-1;0;1;0
54;2;0;2;0;23;1;0;1;8;5;27;3;-1;0;1;0
30;10;0;1;1;-315;1;0;1;8;5;201;2;-1;0;1;0
35;3;0;0;1;89;0;1;1;8;5;166;3;-1;0;1;0
47;10;1;2;0;699;1;0;1;8;5;182;1;-1;0;1;0
53;7;1;2;0;145;1;0;1;8;5;193;1;-1;0;1;0
29;7;2;2;0;-138;1;1;1;8;5;271;5;-1;0;1;0
35;3;0;0;0;820;1;0;1;8;5;287;4;-1;0;1;0
43;7;0;2;0;1376;1;0;1;8;5;235;4;-1;0;1;0
38;7;0;3;0;0;1;0;1;8;5;732;2;-1;0;1;0
39;7;0;2;0;507;1;0;1;8;5;136;2;-1;0;1;0
58;3;0;2;0;771;0;0;1;8;5;126;3;-1;0;1;0
33;11;0;2;0;310;1;0;1;8;5;172;4;-1;0;1;0
60;7;0;3;0;136;1;0;1;8;5;43;2;-1;0;1;0
45;0;0;2;0;310;1;0;1;8;5;191;2;-1;0;1;0
39;7;0;3;0;813;1;0;1;8;5;117;2;-1;0;1;0
35;3;0;0;0;14;1;1;1;8;5;64;1;-1;0;1;0
41;7;0;3;0;-97;1;0;1;8;5;260;5;-1;0;1;0
40;11;0;3;0;332;1;0;1;8;5;149;1;-1;0;1;0
33;11;0;2;0;5034;1;0;1;8;5;207;3;-1;0;1;0
32;0;1;2;0;281;1;0;1;8;5;231;4;-1;0;1;0
34;3;2;0;0;1891;1;0;1;9;5;162;5;-1;0;1;0
29;11;2;2;0;473;1;1;1;9;5;180;2;-1;0;1;0
49;7;0;3;0;216;1;0;1;9;5;144;2;-1;0;1;0
31;7;0;2;0;-13;1;0;1;9;5;260;3;-1;0;1;0
34;7;0;3;0;365;1;0;1;9;5;85;2;-1;0;1;0
32;3;2;0;0;264;1;0;1;9;5;211;2;-1;0;1;0
32;0;2;0;0;490;1;0;1;9;5;94;2;-1;0;1;0
56;10;2;3;0;230;1;0;1;9;5;122;4;-1;0;1;0
28;10;2;2;0;-9;1;1;1;9;5;175;5;-1;0;1;0
35;10;2;2;0;317;1;0;1;9;5;292;2;-1;0;1;0
52;8;2;0;0;458;1;1;1;9;5;132;5;-1;0;1;0
35;10;0;2;0;19;1;0;1;9;5;130;2;-1;0;1;0
32;7;0;2;0;536;1;0;1;9;5;208;2;-1;0;1;0
42;3;1;2;0;117;1;0;1;9;5;105;1;-1;0;1;0
51;7;2;3;0;368;1;0;1;9;5;205;1;-1;0;1;0
47;7;0;2;0;-98;1;0;1;9;5;112;1;-1;0;1;0
34;11;0;2;0;627;1;0;1;9;5;117;9;-1;0;1;0
45;0;0;2;0;180;1;0;1;9;5;218;1;-1;0;1;0
31;10;1;2;0;26;1;0;1;9;5;62;1;-1;0;1;0
40;7;0;3;0;2171;1;0;1;9;5;97;1;-1;0;1;0
44;10;2;2;0;1059;1;0;1;9;5;286;1;-1;0;1;0
49;7;0;3;0;186;1;0;1;9;5;241;1;-1;0;1;0
47;11;0;2;0;1306;1;0;1;9;5;252;4;-1;0;1;0
31;7;0;3;0;3007;1;0;1;9;5;283;1;-1;0;1;0
45;0;2;2;0;-88;1;0;1;9;5;131;1;-1;0;1;0
30;7;0;3;0;265;1;1;1;9;5;380;1;-1;0;1;0
40;7;1;3;0;21;1;0;1;9;5;584;1;-1;0;1;0
27;0;2;1;0;230;1;0;1;9;5;371;1;-1;0;1;0
28;0;0;2;0;252;1;0;1;9;5;448;1;-1;0;1;0
28;0;2;0;0;422;1;0;1;9;5;274;1;-1;0;1;0
44;7;0;2;0;85;1;0;1;9;5;116;2;-1;0;1;0
29;7;0;2;0;0;0;0;1;9;5;215;1;-1;0;1;0
33;7;1;3;0;60;0;0;1;9;5;131;1;-1;0;1;0
35;7;2;2;0;40;1;0;1;9;5;617;4;-1;0;1;1
31;10;2;0;0;22;1;0;1;9;5;483;3;-1;0;1;1
36;10;2;2;0;-333;1;1;1;9;5;847;1;-1;0;1;0
41;10;0;2;0;483;1;0;1;9;5;319;1;-1;0;1;0
35;7;0;2;0;503;1;1;1;9;5;57;2;-1;0;1;0
40;7;0;2;0;1245;1;0;1;9;5;306;1;-1;0;1;0
34;10;2;0;1;33;1;1;1;9;5;244;1;-1;0;1;0
41;10;2;2;0;-320;1;0;1;9;5;128;1;-1;0;1;0
37;3;0;0;0;0;1;0;1;9;5;59;1;-1;0;1;0
26;7;2;2;0;100;1;0;1;9;5;24;1;-1;0;1;0
32;4;0;3;0;344;1;0;1;9;5;85;2;-1;0;1;0
51;7;0;2;0;-286;1;0;1;9;5;70;1;-1;0;1;0
38;7;2;2;0;57;1;0;1;9;5;21;1;-1;0;1;0
51;2;1;2;0;370;0;0;1;9;5;167;1;-1;0;1;0
49;11;1;2;0;470;1;0;1;9;5;659;2;-1;0;1;0
31;4;0;2;0;0;1;0;1;9;5;327;2;-1;0;1;0
33;7;0;3;0;767;1;0;1;9;5;296;3;-1;0;1;0
30;0;2;1;1;1;0;0;1;9;5;307;1;-1;0;1;0
33;10;0;2;0;0;0;0;1;9;5;120;1;-1;0;1;0
41;2;0;2;0;121;1;0;1;9;5;390;2;-1;0;1;0
37;7;0;2;0;190;1;0;1;9;5;83;2;-1;0;1;0
33;7;0;3;0;120;1;0;1;9;5;250;1;-1;0;1;0
32;11;0;2;0;2068;1;1;1;9;5;143;1;-1;0;1;0
46;10;0;2;0;332;1;0;1;9;5;772;1;-1;0;1;1
34;3;2;0;0;-322;0;0;1;9;5;198;1;-1;0;1;0
32;7;0;3;0;274;1;0;1;9;5;21;3;-1;0;1;0
43;7;2;2;0;3;1;0;1;9;5;929;3;-1;0;1;1
28;7;0;2;0;6;1;0;1;9;5;254;1;-1;0;1;0
46;10;1;0;0;288;1;0;1;9;5;166;1;-1;0;1;0
52;11;1;3;0;146;1;0;1;9;5;93;1;-1;0;1;0
34;7;0;2;0;286;1;0;1;9;5;134;2;-1;0;1;0
27;10;1;2;0;114;1;1;1;9;5;375;2;-1;0;1;0
32;10;2;0;0;190;1;1;1;9;5;352;1;-1;0;1;0
37;7;2;2;0;111;1;0;1;9;5;217;2;-1;0;1;0
29;3;0;0;0;246;1;0;1;9;5;45;1;-1;0;1;0
40;4;1;2;0;108;0;0;1;9;5;93;1;-1;0;1;0
34;7;0;2;0;457;1;0;1;9;5;266;1;-1;0;1;0
25;0;2;2;0;131;1;1;1;9;5;237;1;-1;0;1;0
30;3;0;0;0;1825;1;0;1;9;5;164;1;-1;0;1;0
31;0;0;2;0;307;1;0;1;9;5;538;1;-1;0;1;1
35;7;0;2;1;-198;1;0;1;9;5;72;2;-1;0;1;0
28;7;2;2;0;759;1;0;1;9;5;710;1;-1;0;1;1
27;11;2;2;0;777;1;0;1;9;5;131;3;-1;0;1;0
35;7;2;3;0;337;1;0;1;9;5;127;1;-1;0;1;0
34;7;0;3;0;-78;1;0;1;9;5;198;1;-1;0;1;0
31;0;0;2;0;355;1;0;1;9;5;239;1;-1;0;1;0
36;3;1;0;0;133;1;0;1;9;5;117;1;-1;0;1;0
38;10;0;2;0;32;1;0;1;9;5;705;1;-1;0;1;0
25;11;0;2;0;55;1;1;1;9;5;155;1;-1;0;1;0
51;3;2;0;0;417;1;0;1;9;5;18;1;-1;0;1;0
26;7;2;2;0;153;1;0;1;9;5;386;1;-1;0;1;0
40;9;0;0;0;794;0;0;1;9;5;138;1;-1;0;1;0
26;11;2;2;0;187;1;0;1;9;5;341;1;-1;0;1;0
36;11;0;2;0;335;1;0;1;9;5;339;2;-1;0;1;0
59;7;0;2;0;1407;1;0;1;9;5;232;1;-1;0;1;0
26;7;2;2;0;-116;1;1;1;9;5;208;1;-1;0;1;0
49;8;0;0;0;1842;1;0;1;9;5;124;2;-1;0;1;0
33;7;0;3;0;329;1;0;1;9;5;44;1;-1;0;1;0
31;7;0;2;0;428;1;0;1;9;5;75;1;-1;0;1;0
59;3;2;2;0;181;1;0;1;9;5;485;1;-1;0;1;0
38;5;0;2;0;2139;1;0;1;9;5;576;1;-1;0;1;0
37;11;2;2;0;253;1;1;1;9;5;280;1;-1;0;1;0
31;2;2;0;0;133;1;0;1;9;5;480;2;-1;0;1;0
54;9;0;2;0;785;1;0;1;9;5;86;2;-1;0;1;0
41;7;0;3;0;-45;1;1;1;9;5;121;4;-1;0;1;0
44;3;0;0;0;223;1;0;1;9;5;93;2;-1;0;1;0
28;0;2;2;0;2831;1;0;1;9;5;211;3;-1;0;1;0
22;6;2;2;0;2412;1;0;1;9;5;238;2;-1;0;1;0
31;7;0;3;0;11;1;0;1;9;5;399;3;-1;0;1;0
36;11;0;2;0;211;1;0;1;9;5;93;2;-1;0;1;0
37;0;1;2;0;34;1;0;1;9;5;144;3;-1;0;1;0
54;0;0;2;0;222;1;0;1;9;5;45;2;-1;0;1;0
28;3;2;0;0;3285;1;0;1;9;5;98;1;-1;0;1;0
42;7;0;3;0;-67;1;0;1;9;5;128;1;-1;0;1;0
35;10;2;0;0;670;1;0;1;9;5;106;1;-1;0;1;0
29;0;0;2;0;0;1;0;1;9;5;121;1;-1;0;1;0
59;7;2;3;0;96;1;0;1;9;5;123;1;-1;0;1;0
46;7;0;2;0;-3;1;0;1;9;5;92;2;-1;0;1;0
32;8;2;2;0;123;1;0;1;9;5;278;1;-1;0;1;0
43;3;1;0;0;443;1;0;1;9;5;219;1;-1;0;1;0
41;7;0;3;0;406;1;0;1;9;5;2462;1;-1;0;1;0
31;0;0;2;0;535;0;0;1;9;5;249;3;-1;0;1;0
26;11;2;2;0;302;1;0;1;9;5;210;1;-1;0;1;0
29;7;0;3;1;-43;1;0;1;9;5;484;1;-1;0;1;0
31;11;0;2;0;-346;0;0;1;9;5;187;1;-1;0;1;0
37;7;1;2;0;-271;1;0;1;9;5;172;1;-1;0;1;0
35;10;0;2;0;55;1;0;1;9;5;79;4;-1;0;1;0
31;10;2;0;0;375;1;0;1;9;5;207;1;-1;0;1;0
30;7;0;2;0;-2;1;0;1;9;5;136;2;-1;0;1;0
29;7;2;3;0;-680;1;0;1;9;5;117;2;-1;0;1;0
29;0;1;2;0;0;0;0;1;9;5;393;1;-1;0;1;0
39;7;2;2;0;217;1;0;1;9;5;107;1;-1;0;1;0
31;7;2;2;0;160;1;0;1;9;5;25;1;-1;0;1;0
27;3;2;0;0;118;1;0;1;9;5;132;3;-1;0;1;0
22;0;2;2;0;-1;1;0;1;9;5;136;1;-1;0;1;0
31;3;2;2;0;453;1;0;1;9;5;384;2;-1;0;1;0
39;7;2;2;0;169;1;0;1;9;5;38;1;-1;0;1;0
25;0;2;2;0;787;1;0;1;9;5;164;1;-1;0;1;0
27;8;2;2;0;78;1;0;1;9;5;825;1;-1;0;1;0
31;2;0;3;0;213;1;0;1;9;5;479;2;-1;0;1;0
46;10;1;2;0;164;1;0;1;9;5;229;2;-1;0;1;0
37;7;0;2;0;934;0;0;1;9;5;258;2;-1;0;1;0
27;11;2;2;0;4;1;1;1;9;5;490;1;-1;0;1;0
34;2;1;2;0;354;1;0;1;9;5;308;1;-1;0;1;0
30;10;2;2;0;23;1;0;1;9;5;137;1;-1;0;1;0
23;6;2;2;0;318;1;0;1;9;5;545;2;-1;0;1;0
43;0;0;2;0;616;1;0;1;9;5;168;2;-1;0;1;0
50;7;0;3;0;2590;1;0;1;9;5;257;6;-1;0;1;0
31;10;0;2;0;1868;1;0;1;9;5;213;2;-1;0;1;0
32;7;2;2;0;-578;0;0;1;9;5;115;1;-1;0;1;0
32;0;2;2;0;-227;1;1;1;9;5;646;1;-1;0;1;0
37;10;1;2;0;1981;1;0;1;9;5;106;1;-1;0;1;0
60;3;1;1;0;404;1;0;1;9;5;95;2;-1;0;1;0
47;7;1;2;0;65;1;0;1;9;5;205;1;-1;0;1;0
32;7;0;2;1;-1;1;0;1;9;5;653;1;-1;0;1;1
34;11;0;2;0;-68;1;0;1;9;5;122;1;-1;0;1;0
36;7;1;1;0;0;1;0;1;9;5;377;1;-1;0;1;0
31;11;1;2;0;1656;1;0;1;9;5;208;3;-1;0;1;0
43;4;0;3;0;1342;1;1;1;9;5;46;2;-1;0;1;0
32;2;2;2;0;331;1;0;1;9;5;211;2;-1;0;1;0
31;11;0;2;0;238;1;1;1;9;5;156;2;-1;0;1;0
56;0;0;3;0;202;1;0;1;9;5;178;2;-1;0;1;0
46;10;2;2;1;-1124;1;1;1;9;5;206;2;-1;0;1;0
27;0;2;2;0;662;1;0;1;9;5;544;1;-1;0;1;0
33;7;0;2;0;1790;1;1;1;9;5;143;1;-1;0;1;0
35;7;0;3;0;198;1;0;1;9;5;471;2;-1;0;1;0
29;3;2;0;0;726;1;0;1;9;5;200;3;-1;0;1;0
39;3;0;0;0;183;1;0;1;9;5;324;2;-1;0;1;0
58;7;0;3;0;-91;1;0;1;9;5;164;5;-1;0;1;0
36;7;0;2;0;-9;1;0;1;9;5;137;3;-1;0;1;0
33;7;0;3;0;134;1;0;1;9;5;91;2;-1;0;1;0
32;3;0;0;0;0;0;0;1;9;5;280;1;-1;0;1;0
32;5;2;0;0;6259;1;0;1;9;5;230;2;-1;0;1;0
31;0;0;2;0;27;0;1;1;9;5;63;1;-1;0;1;0
30;7;2;3;0;383;1;0;1;9;5;135;1;-1;0;1;0
30;3;2;0;0;1108;1;1;1;9;5;261;1;-1;0;1;0
40;7;0;3;0;117;1;0;1;9;5;215;2;-1;0;1;0
35;7;0;3;0;108;1;0;1;9;5;200;4;-1;0;1;0
42;7;0;3;0;479;1;0;1;9;5;391;2;-1;0;1;0
28;11;2;2;0;234;0;0;1;9;5;107;3;-1;0;1;0
29;0;2;2;0;-53;1;0;1;9;5;108;2;-1;0;1;0
33;2;0;2;0;-131;1;1;1;9;5;145;2;-1;0;1;0
23;11;2;2;0;-39;1;1;1;9;5;142;2;-1;0;1;0
34;7;0;3;0;139;1;0;1;9;5;106;1;-1;0;1;0
29;11;2;2;0;262;1;0;1;9;5;134;1;-1;0;1;0
32;7;2;2;0;160;1;0;1;9;5;190;1;-1;0;1;0
39;9;2;3;0;-79;0;0;1;9;5;180;1;-1;0;1;0
37;0;2;2;0;1113;1;0;1;9;5;237;1;-1;0;1;0
26;7;2;2;0;82;1;0;1;9;5;654;1;-1;0;1;1
26;3;2;0;0;1326;1;0;1;9;5;70;1;-1;0;1;0
34;10;2;0;0;2257;1;0;1;9;5;62;1;-1;0;1;0
55;7;0;3;0;1373;0;0;1;9;5;1087;2;-1;0;1;0
39;11;0;2;0;304;1;1;1;9;5;323;1;-1;0;1;0
27;6;0;0;0;659;1;0;1;9;5;111;2;-1;0;1;0
30;5;2;2;0;491;1;0;1;9;5;197;4;-1;0;1;0
28;3;2;1;1;101;1;0;1;9;5;224;3;-1;0;1;0
33;7;2;2;0;33;1;0;1;9;5;557;1;-1;0;1;0
50;11;0;0;0;218;1;0;1;9;5;388;2;-1;0;1;0
26;7;2;3;0;102;1;0;1;9;5;89;1;-1;0;1;0
33;7;0;2;0;88;1;0;1;9;5;57;2;-1;0;1;0
47;7;0;3;0;94;1;0;1;9;5;209;3;-1;0;1;0
33;3;2;2;0;-665;1;1;1;9;5;188;1;-1;0;1;0
34;7;0;2;1;-331;1;1;1;9;5;342;1;-1;0;1;0
33;7;2;2;0;550;1;0;1;9;5;84;1;-1;0;1;0
23;6;2;2;0;151;1;0;1;9;5;97;1;-1;0;1;0
29;8;2;0;0;5406;0;0;1;9;5;530;2;-1;0;1;0
33;7;0;2;0;269;1;0;1;9;5;365;1;-1;0;1;0
27;7;2;2;0;45;1;0;1;9;5;352;1;-1;0;1;0
34;7;2;2;0;610;1;0;1;9;5;316;3;-1;0;1;0
53;3;0;2;0;-133;1;0;1;9;5;126;2;-1;0;1;0
34;3;2;2;0;66;1;0;1;9;5;76;2;-1;0;1;0
40;7;0;2;0;10;1;0;1;9;5;1692;2;-1;0;1;1
27;7;0;0;0;350;0;0;1;9;5;24;1;-1;0;1;0
33;11;0;0;0;546;1;1;1;9;5;253;1;-1;0;1;0
40;10;2;2;0;360;1;0;1;9;5;73;1;-1;0;1;0
31;7;0;2;0;0;1;0;1;9;5;133;1;-1;0;1;0
51;7;0;2;0;22;1;1;1;9;5;178;1;-1;0;1;0
26;10;2;2;0;57;1;0;1;9;5;404;2;-1;0;1;0
26;3;0;3;0;1349;1;0;1;9;5;275;1;-1;0;1;0
32;0;2;2;0;708;0;0;1;9;5;109;1;-1;0;1;0
31;7;0;2;0;1329;1;1;1;9;5;134;1;-1;0;1;0
27;2;0;3;0;7459;1;0;1;9;5;407;2;-1;0;1;0
58;9;1;3;0;47;1;0;1;9;5;225;1;-1;0;1;0
39;11;0;1;0;-516;1;0;1;9;5;86;2;-1;0;1;0
29;10;2;0;0;433;1;0;1;9;5;247;1;-1;0;1;0
38;10;0;2;1;9;1;0;1;9;5;129;3;-1;0;1;0
29;3;0;0;0;-6;1;0;1;9;5;324;1;-1;0;1;0
28;7;2;2;0;-197;1;0;1;9;5;2016;2;-1;0;1;1
41;7;2;2;0;184;1;0;1;9;5;1054;2;-1;0;1;0
43;7;0;3;0;336;1;0;1;9;5;256;5;-1;0;1;0
43;7;2;3;0;36;1;0;1;9;5;163;2;-1;0;1;0
37;10;0;2;0;277;1;0;1;9;5;251;2;-1;0;1;0
53;7;0;2;0;-135;1;0;1;9;5;193;2;-1;0;1;0
28;7;2;2;0;7;1;1;1;9;5;125;3;-1;0;1;0
41;0;0;2;0;442;1;1;1;9;5;344;2;-1;0;1;0
36;7;0;2;0;590;1;0;1;9;5;282;2;-1;0;1;0
37;10;0;0;0;447;1;0;1;9;5;1170;1;-1;0;1;0
38;7;0;2;0;49;1;0;1;9;5;408;2;-1;0;1;0
32;10;0;2;0;1118;1;1;1;9;5;128;2;-1;0;1;0
33;7;1;3;0;390;1;0;1;9;5;665;2;-1;0;1;1
28;10;2;2;0;-125;1;0;1;9;5;67;3;-1;0;1;0
30;7;2;2;0;18;0;0;1;9;5;395;1;-1;0;1;0
27;10;2;2;0;527;1;0;1;9;5;118;1;-1;0;1;0
31;11;0;2;0;1129;1;0;1;9;5;231;2;-1;0;1;0
47;3;1;0;0;266;1;0;1;9;5;128;1;-1;0;1;0
33;7;2;2;0;687;1;0;1;9;5;174;1;-1;0;1;0
46;7;0;3;0;1726;1;1;1;9;5;195;1;-1;0;1;0
44;7;0;3;0;-11;1;0;1;9;5;13;1;-1;0;1;0
35;3;0;0;0;1510;1;0;1;9;5;61;1;-1;0;1;0
38;7;0;2;0;171;1;0;1;9;5;286;5;-1;0;1;0
33;10;2;2;0;513;1;0;1;9;5;53;4;-1;0;1;0
45;11;0;3;0;137;1;0;1;9;5;274;2;-1;0;1;0
30;11;0;3;0;21;1;0;1;9;5;409;3;-1;0;1;0
34;0;0;2;0;-312;1;0;1;9;5;232;1;-1;0;1;0
32;7;0;2;0;-208;1;1;1;9;5;325;1;-1;0;1;0
27;0;0;2;0;1033;1;0;1;9;5;1713;1;-1;0;1;0
48;2;0;2;0;855;1;0;1;9;5;241;2;-1;0;1;0
29;10;2;0;0;542;1;0;1;9;5;338;3;-1;0;1;0
37;7;1;2;0;-175;1;0;1;9;5;182;1;-1;0;1;0
26;5;0;0;0;79;1;1;1;9;5;346;3;-1;0;1;0
43;3;0;2;0;3;1;0;1;9;5;204;2;-1;0;1;0
31;7;0;2;0;4471;1;0;1;9;5;296;2;-1;0;1;0
55;10;0;2;0;2313;1;0;1;9;5;551;2;-1;0;1;0
45;11;2;2;0;-139;1;0;1;9;5;663;3;-1;0;1;0
35;10;2;2;0;300;1;0;1;9;5;338;4;-1;0;1;0
49;7;0;3;0;352;1;0;1;9;5;188;2;-1;0;1;0
23;11;2;2;0;105;1;1;1;9;5;305;2;-1;0;1;0
49;4;1;3;0;164;1;0;1;9;5;1080;5;-1;0;1;0
35;3;2;0;0;-202;1;0;1;9;5;1461;2;-1;0;1;0
38;10;2;0;0;-256;1;0;1;9;5;116;1;-1;0;1;0
39;5;0;2;0;1261;1;0;1;9;5;129;2;-1;0;1;0
27;8;2;0;0;-503;1;0;1;9;5;98;3;-1;0;1;0
37;7;0;2;0;790;0;0;1;9;5;262;1;-1;0;1;0
57;3;0;2;0;0;1;0;1;9;5;147;7;-1;0;1;0
38;5;2;0;0;638;1;0;1;9;5;150;1;-1;0;1;0
26;10;0;2;0;47;1;0;1;9;5;282;2;-1;0;1;0
44;0;0;2;0;469;1;0;1;9;5;88;4;-1;0;1;0
28;7;0;2;0;948;1;0;1;9;5;455;1;-1;0;1;0
37;0;0;2;0;-356;0;1;1;9;5;49;1;-1;0;1;0
43;10;2;2;0;336;1;0;1;9;5;181;1;-1;0;1;0
25;0;2;2;0;61;1;0;1;9;5;345;9;-1;0;1;0
34;7;2;3;0;359;1;0;1;9;5;154;3;-1;0;1;0
39;7;0;3;0;105;1;0;1;9;5;294;2;-1;0;1;0
35;3;2;2;0;6809;1;0;1;9;5;750;7;-1;0;1;0
32;11;0;2;0;59;1;1;1;9;5;202;2;-1;0;1;0
31;11;0;2;0;0;0;1;1;9;5;81;6;-1;0;1;0
42;7;0;3;0;0;1;0;1;9;5;214;2;-1;0;1;0
31;7;2;2;0;216;1;0;1;9;5;128;1;-1;0;1;0
30;10;2;0;0;2530;1;0;1;9;5;70;1;-1;0;1;0
29;0;2;2;0;356;1;0;1;9;5;106;1;-1;0;1;0
29;0;2;2;1;-228;1;0;1;9;5;279;1;-1;0;1;0
41;11;0;2;0;510;1;0;1;9;5;231;2;-1;0;1;0
37;7;2;2;0;223;1;0;1;9;5;175;2;-1;0;1;0
32;3;2;0;0;4;1;0;1;9;5;179;2;-1;0;1;0
39;5;0;0;0;338;1;0;1;9;5;107;4;-1;0;1;0
31;3;2;0;0;0;1;0;1;9;5;94;3;-1;0;1;0
33;7;2;2;0;328;1;0;1;9;5;142;2;-1;0;1;0
30;10;2;0;0;255;1;0;1;9;5;119;2;-1;0;1;0
24;6;2;2;0;304;0;0;1;9;5;180;3;-1;0;1;0
55;7;0;2;0;-256;1;1;1;9;5;136;2;-1;0;1;0
27;11;2;2;0;683;1;0;1;9;5;44;3;-1;0;1;0
47;3;1;0;0;84;1;0;1;9;5;229;5;-1;0;1;0
29;7;0;3;0;608;1;0;1;9;5;184;2;-1;0;1;0
56;3;0;2;0;230;0;0;1;9;5;73;4;-1;0;1;0
31;3;2;0;0;12;1;0;1;9;5;330;4;-1;0;1;0
46;7;0;3;0;881;1;0;1;9;5;126;2;-1;0;1;0
47;10;2;1;0;77;1;0;1;9;5;83;4;-1;0;1;0
29;6;2;2;0;510;1;0;1;9;5;25;6;-1;0;1;0
31;11;2;2;1;68;1;0;1;9;5;169;2;-1;0;1;0
29;0;2;2;0;43;1;0;1;9;5;179;2;-1;0;1;0
48;0;1;1;0;244;1;0;1;9;5;280;1;-1;0;1;0
59;7;0;2;0;1376;0;1;1;9;5;61;4;-1;0;1;0
44;3;0;0;0;392;1;0;1;9;5;124;2;-1;0;1;0
30;0;2;0;0;-396;1;0;1;9;5;89;2;-1;0;1;0
50;7;0;3;0;89;1;0;1;9;5;210;3;-1;0;1;0
25;0;0;2;0;10;1;0;1;9;5;393;2;-1;0;1;0
32;7;0;2;0;150;1;0;1;9;5;1178;4;-1;0;1;0
49;7;0;3;0;1387;1;1;1;9;5;161;2;-1;0;1;0
38;0;0;2;0;253;1;0;1;9;5;515;4;-1;0;1;0
29;7;2;2;0;853;1;0;1;9;5;177;2;-1;0;1;0
51;3;0;0;0;91;1;0;1;9;5;178;2;-1;0;1;0
29;7;2;2;0;348;1;0;1;9;5;185;2;-1;0;1;0
32;0;1;2;0;43;1;0;1;9;5;218;2;-1;0;1;0
43;2;0;3;0;-178;1;0;1;9;5;191;2;-1;0;1;0
34;7;0;2;0;2137;0;0;1;9;5;245;4;-1;0;1;0
37;7;0;3;0;1160;1;0;1;9;5;255;2;-1;0;1;0
29;0;2;2;0;3986;1;0;1;9;5;488;2;-1;0;1;0
39;11;2;2;0;126;1;0;1;9;5;211;2;-1;0;1;0
34;7;0;2;0;6411;1;1;1;9;5;226;2;-1;0;1;0
28;10;0;2;0;655;1;0;1;9;5;179;2;-1;0;1;0
37;7;0;3;0;2378;1;0;1;9;5;460;2;-1;0;1;0
29;7;0;2;0;15;1;1;1;9;5;432;2;-1;0;1;0
25;0;2;2;0;96;1;0;1;9;5;176;2;-1;0;1;0
34;0;2;2;0;391;1;0;1;9;5;192;2;-1;0;1;0
50;7;1;3;0;31;1;0;1;9;5;237;3;-1;0;1;0
35;7;0;2;0;73;0;0;1;9;5;134;3;-1;0;1;0
53;3;1;0;0;0;0;0;1;9;5;44;2;-1;0;1;0
41;7;2;3;0;156;1;0;1;9;5;47;5;-1;0;1;0
48;7;0;3;0;231;1;0;1;9;5;752;3;-1;0;1;0
32;7;2;2;0;-83;1;0;1;9;5;116;3;-1;0;1;0
38;8;0;2;0;138;0;0;1;9;5;182;3;-1;0;1;0
57;7;0;2;0;221;1;0;1;9;5;122;2;-1;0;1;0
50;3;0;0;0;3284;1;0;1;9;5;51;3;-1;0;1;0
40;3;0;0;0;4190;0;0;1;9;5;260;4;-1;0;1;0
45;3;2;0;0;5694;1;0;1;9;5;214;2;-1;0;1;0
34;7;2;2;0;297;1;0;1;9;5;407;4;-1;0;1;0
32;7;0;3;0;-89;1;0;1;9;5;389;2;-1;0;1;0
28;0;2;2;0;244;1;0;1;9;5;31;3;-1;0;1;0
30;11;0;2;0;152;1;0;1;9;5;115;2;-1;0;1;0
41;3;2;0;0;1696;1;0;1;9;5;878;3;-1;0;1;0
36;7;0;1;0;714;0;0;1;9;5;277;3;-1;0;1;0
49;11;1;2;0;315;1;0;1;9;5;117;2;-1;0;1;0
32;8;0;0;0;312;1;0;1;9;5;262;2;-1;0;1;0
53;3;0;0;0;913;1;0;1;9;5;244;4;-1;0;1;0
44;2;0;2;0;-407;1;0;1;9;5;119;2;-1;0;1;0
34;5;1;0;0;338;1;0;1;9;5;162;2;-1;0;1;0
27;10;2;2;0;769;1;0;1;9;5;317;2;-1;0;1;0
32;7;0;2;0;120;1;1;1;9;5;214;3;-1;0;1;0
43;7;2;3;0;0;0;0;1;9;5;71;3;-1;0;1;0
34;0;1;3;0;9569;1;0;1;9;5;43;2;-1;0;1;0
35;8;0;2;0;351;1;0;1;9;5;298;2;-1;0;1;0
28;0;0;2;0;2;1;0;1;9;5;167;1;-1;0;1;0
52;3;0;3;0;226;1;0;1;9;5;86;4;-1;0;1;0
36;7;0;3;0;95;1;0;1;9;5;255;2;-1;0;1;0
35;3;2;0;0;123;1;0;1;9;5;83;3;-1;0;1;0
30;0;0;2;0;15;1;0;1;9;5;257;1;-1;0;1;0
23;3;2;1;0;375;1;0;1;9;5;194;3;-1;0;1;0
37;5;1;2;0;1190;1;0;1;9;5;268;3;-1;0;1;0
29;11;2;2;0;487;1;1;1;9;5;176;2;-1;0;1;0
28;8;2;2;0;123;1;0;1;9;5;97;1;-1;0;1;0
56;11;1;0;0;2272;1;0;1;9;5;263;5;-1;0;1;0
27;0;0;2;0;133;1;1;1;9;5;338;4;-1;0;1;0
33;7;2;3;0;447;1;0;1;9;5;180;2;-1;0;1;0
53;7;0;3;0;-864;1;0;1;9;5;322;5;-1;0;1;0
47;7;0;2;0;8;0;0;1;9;5;64;4;-1;0;1;0
50;11;0;2;0;107;1;0;1;9;5;71;4;-1;0;1;0
31;0;2;2;0;620;0;0;1;9;5;166;3;-1;0;1;0
31;7;0;2;0;42;1;0;1;9;5;210;3;-1;0;1;0
37;3;0;0;0;-120;1;0;1;9;5;77;2;-1;0;1;0
37;3;2;0;0;493;1;0;1;9;5;328;7;-1;0;1;0
48;2;0;3;0;296;1;0;1;9;5;164;8;-1;0;1;0
34;10;0;2;0;484;0;0;1;9;5;84;4;-1;0;1;0
32;7;2;3;0;12;1;0;1;9;5;153;4;-1;0;1;0
54;3;0;0;0;154;0;0;1;9;5;155;3;-1;0;1;0
31;3;2;0;0;606;1;0;1;9;5;111;2;-1;0;1;0
55;11;0;2;0;560;1;0;1;9;5;91;3;-1;0;1;0
27;7;0;2;0;564;1;0;1;9;5;257;3;-1;0;1;0
36;7;0;2;0;771;1;0;1;9;5;213;4;-1;0;1;0
33;10;0;2;0;0;1;1;1;9;5;173;2;-1;0;1;0
42;7;0;2;0;333;1;0;1;9;5;190;3;-1;0;1;0
48;7;0;3;0;418;1;0;1;9;5;102;3;-1;0;1;0
36;10;0;2;0;494;1;0;1;9;5;83;3;-1;0;1;0
32;11;2;2;0;85;1;0;1;9;5;834;9;-1;0;1;0
58;3;2;1;0;127;1;0;1;9;5;244;5;-1;0;1;0
40;11;0;2;0;69;1;0;1;9;5;143;3;-1;0;1;0
31;3;0;0;0;713;1;0;1;9;5;1534;2;-1;0;1;0
34;7;1;2;0;-294;1;0;1;12;5;163;2;-1;0;1;0
34;10;0;2;0;222;1;0;1;12;5;149;6;-1;0;1;0
35;10;0;1;0;86;1;0;1;12;5;33;4;-1;0;1;0
57;3;1;2;0;0;1;1;1;12;5;144;6;-1;0;1;0
28;7;0;3;0;26;0;0;1;12;5;40;3;-1;0;1;0
50;10;0;2;0;103;1;0;1;12;5;79;6;-1;0;1;0
46;8;0;0;0;-80;1;0;1;12;5;112;2;-1;0;1;0
57;1;0;1;0;106;0;0;1;12;5;836;4;-1;0;1;0
49;0;0;2;1;15;0;0;1;12;5;290;5;-1;0;1;0
56;3;2;0;0;4542;0;0;1;12;5;148;2;-1;0;1;0
56;7;0;2;0;172;1;0;1;12;5;289;5;-1;0;1;0
49;3;1;0;1;0;1;0;1;12;5;345;2;-1;0;1;0
50;3;0;0;0;107;1;0;1;12;5;1002;5;-1;0;1;0
47;0;2;2;0;15;0;0;1;12;5;181;4;-1;0;1;0
45;7;0;3;0;101;1;0;1;12;5;460;5;-1;0;1;1
51;7;0;0;0;7816;1;0;1;12;5;76;2;-1;0;1;0
34;7;0;2;0;0;1;0;1;12;5;111;2;-1;0;1;0
25;3;0;0;0;784;1;1;1;12;5;104;2;-1;0;1;0
39;2;1;2;0;507;1;0;1;12;5;150;7;-1;0;1;0
25;6;0;0;0;333;1;0;1;12;5;399;3;-1;0;1;0
34;0;1;2;0;-220;1;1;1;12;5;115;4;-1;0;1;0
25;7;2;2;0;249;1;0;1;12;5;149;5;-1;0;1;0
33;7;0;2;0;-257;1;0;1;12;5;92;4;-1;0;1;0
44;11;1;2;0;210;0;1;1;12;5;111;2;-1;0;1;0
55;9;0;2;0;18722;1;0;1;12;5;128;2;-1;0;1;0
54;0;0;2;0;42;1;0;1;12;5;192;2;-1;0;1;0
43;2;0;2;0;210;1;0;1;12;5;88;5;-1;0;1;0
35;7;0;2;0;325;0;0;1;12;5;592;2;-1;0;1;0
27;11;2;2;0;123;1;0;1;12;5;105;3;-1;0;1;0
42;7;0;3;0;-25;1;0;1;12;5;62;2;-1;0;1;0
40;10;0;2;0;66;1;0;1;12;5;29;8;-1;0;1;0
29;10;0;0;0;409;1;0;1;12;5;247;3;-1;0;1;0
49;10;0;2;0;4785;0;0;1;12;5;160;4;-1;0;1;0
59;9;1;3;0;121;1;0;1;12;5;144;7;-1;0;1;0
37;3;0;0;0;0;1;0;1;12;5;346;4;-1;0;1;0
25;10;2;2;0;1135;1;0;1;12;5;396;3;-1;0;1;0
28;0;0;2;0;-201;1;0;1;12;5;286;4;-1;0;1;0
40;11;2;2;0;-278;1;0;1;12;5;400;3;-1;0;1;0
43;10;2;0;0;16;1;0;1;12;5;282;4;-1;0;1;0
51;7;0;3;1;-283;1;0;1;12;5;38;4;-1;0;1;0
28;0;2;2;0;-103;1;0;1;12;5;252;4;-1;0;1;0
54;3;0;3;0;113;0;0;1;12;5;76;3;-1;0;1;0
37;7;0;2;0;194;1;0;1;12;5;566;7;-1;0;1;0
35;8;0;0;0;247;1;0;1;12;5;167;2;-1;0;1;0
55;11;2;2;0;-40;1;0;1;12;5;178;2;-1;0;1;0
57;2;0;2;0;3867;1;0;1;12;5;71;2;-1;0;1;0
39;7;1;2;0;36;1;0;1;12;5;109;2;-1;0;1;0
36;11;0;0;0;2167;1;1;1;12;5;120;2;-1;0;1;0
35;3;2;0;0;243;1;0;1;12;5;102;3;-1;0;1;0
33;7;0;3;0;2;1;1;1;12;5;409;2;-1;0;1;0
40;11;2;2;0;737;1;0;1;12;5;117;2;-1;0;1;0
31;10;0;2;0;286;0;0;1;12;5;177;4;-1;0;1;0
27;3;2;0;0;541;1;0;1;12;5;145;1;-1;0;1;0
31;11;2;2;0;2963;1;0;1;12;5;124;1;-1;0;1;0
28;7;2;2;1;-871;1;0;1;12;5;36;4;-1;0;1;0
33;7;1;2;0;75;1;1;1;12;5;94;2;-1;0;1;0
31;7;2;2;0;2597;1;0;1;12;5;189;1;-1;0;1;0
25;11;0;2;0;-454;1;0;1;12;5;24;1;-1;0;1;0
29;10;0;2;0;0;0;0;1;12;5;33;2;-1;0;1;0
47;7;0;3;0;304;1;0;1;12;5;185;1;-1;0;1;0
59;7;1;3;0;220;1;0;1;12;5;165;1;-1;0;1;0
35;3;2;0;0;561;1;0;1;12;5;405;3;-1;0;1;0
33;7;0;3;0;211;1;0;1;12;5;172;2;-1;0;1;0
31;3;2;0;0;4509;1;0;1;12;5;207;3;-1;0;1;0
42;3;2;0;0;196;1;0;1;12;5;325;3;-1;0;1;0
26;10;2;2;0;124;1;0;1;12;5;57;8;-1;0;1;0
34;7;2;2;0;381;1;0;1;12;5;102;1;-1;0;1;0
31;0;0;2;0;184;1;0;1;12;5;378;3;-1;0;1;0
30;7;2;1;1;-149;1;1;1;12;5;164;3;-1;0;1;0
54;0;0;1;0;-337;1;0;1;12;5;288;2;-1;0;1;0
52;7;2;3;0;210;1;0;1;12;5;154;1;-1;0;1;0
40;7;1;3;0;737;1;1;1;12;5;102;1;-1;0;1;0
56;7;1;2;0;75;1;0;1;12;5;136;2;-1;0;1;0
25;6;2;0;0;641;1;0;1;12;5;53;1;-1;0;1;0
43;7;0;3;0;1558;1;0;1;12;5;110;3;-1;0;1;0
32;5;0;1;0;227;1;0;1;12;5;523;1;-1;0;1;0
48;7;1;2;0;602;1;0;1;12;5;231;1;-1;0;1;0